PID	EVT	OFFS	D1	D2	D3	D4
25428649701	1	645	600000003
25428649701	0	26	0
26405335401	1	730	0
25047282201	1	519	600000005
25047282201	0	518	0
26545427301	2	249	600000005
26545427301	0	18	600000003	600000005	600000006
26545427301	0	207	600000003
26545427301	0	82	600000005	600000006	600000008
26545427301	0	104	600000008
26545427301	0	11	600000006
26545427301	0	57	600000006	600000008
26545427301	0	9	600000005	600000006
1096175401	1	1095	0
200860801	1	700	600000005
200860801	0	396	0
26381382801	1	730	0
26379184701	1	485	0
25069448001	1	1036	0
26436180501	1	729	0
25434176203	1	547	0
20014455127	1	77	600000008
20014455127	0	411	600000005	600000008
31360601	2	1095	0
26465922402	1	730	0
26415983501	2	729	0
26370783101	1	730	0
29406505	0	160	0
29406505	3	936	600000008
26405383003	1	730	0
20010352186	1	1096	600000005
20009125363	1	91	600000001
20009125363	0	245	0
26483989801	1	490	600000003
26483989801	0	241	0
25069088101	1	1036	0
25438430301	1	762	0
26524551701	1	510	600000005
26524551701	0	190	0
32495502	1	921	0
32495502	0	175	600000009
25040499201	0	251	600000005
25040499201	1	327	600000001
25040499201	0	19	600000001	600000006
25040499201	0	50	600000001	600000005
25040499201	0	31	600000001	600000005	600000006
25040499201	0	31	600000001	600000003
25040499201	0	15	600000003
25040499201	0	319	0
20001796492	0	34	600000007
20001796492	1	56	600000001	600000010
20001796492	0	123	600000003	600000010
20001796492	0	112	600000010
20001796492	0	379	600000007	600000010
26350795901	0	3	600000005
26350795901	0	152	600000001	600000005	600000008
26350795901	0	7	600000001	600000005
26350795901	0	28	600000003	600000005
26350795901	1	544	600000005	600000008
26476833101	1	668	0
20009752079	0	428	600000005
20009752079	0	150	0
20009752079	0	201	600000004	600000005
20009752079	1	320	600000003	600000005
1403468302	1	867	600000001
1403468302	0	229	600000003
26380220201	2	730	0
1096226601	1	1005	0
1095865002	1	1035	600000001	600000006
1095865002	0	61	600000006
26360637901	0	614	600000005
26360637901	1	117	0
25444642801	1	1339	0
26439652201	1	730	0
20006525800	0	823	600000001
20006525800	1	151	0
26445910401	1	469	600000001
26445910401	0	262	600000006
26380409001	1	444	600000001
26380409001	0	165	0
20006780789	1	1096	0
20011869296	0	300	600000001
20011869296	0	353	600000001	600000006
20011869296	1	445	600000006
217760202	1	783	600000003
217760202	0	101	0
25439725701	0	65	600000007
25439725701	1	723	600000005
25439725701	0	415	600000003
25439725701	0	117	600000001
25439725701	0	23	0
26481227101	1	260	600000003
26481227101	0	471	0
25444686403	1	856	600000003
25444686403	0	484	0
26459765301	0	27	600000005
26459765301	1	704	0
26453278401	1	729	0
25440332703	1	1155	0
26487868801	1	729	0
25381026801	2	1005	0
26440882902	1	730	0
26536091701	1	729	0
26372654401	1	730	0
20009270903	0	361	600000003
20009270903	1	736	0
20003405794	1	1065	0
26383305301	1	729	0
199776802	1	1095	0
30164701	0	990	600000001
30164701	1	106	0
33749301	0	183	600000005
33749301	3	775	600000001
33749301	0	139	0
25440669001	1	973	0
25035881601	1	1036	0
26548189801	1	610	0
26398651702	1	730	0
26491106801	1	730	0
20011939986	0	849	600000005
20011939986	0	148	600000001
20011939986	1	101	600000001	600000005
25037688801	1	1036	0
26609070401	1	234	0
26609070401	0	42	600000008
26435396901	1	606	600000001
26435396901	0	125	0
26544168702	1	396	0
26470969901	1	730	0
26541671902	1	730	0
20007289317	0	72	0
20007289317	1	628	600000008
20007289317	0	125	600000003	600000008
26554529001	1	730	0
20017963733	1	396	600000003
20017963733	0	183	0
25434263501	1	1339	0
31308502	1	1095	0
25057136001	1	1036	0
26363014901	1	730	0
20005619438	1	409	600000001
20005619438	0	433	600000003
20005619438	0	13	0
20014644919	1	815	600000005
20014644919	0	137	600000008
20014644919	0	13	600000006
20014644919	0	31	600000005	600000006
20014644919	0	104	600000005	600000008
26470100801	1	671	0
26416024701	1	729	0
26456871601	1	517	600000005
26456871601	0	214	600000003
26484434701	1	729	0
565730402	1	1095	0
26523826401	1	637	0
25446208102	1	92	0
1396079002	0	279	600000008
1396079002	1	817	600000006
32647201	1	64	600000003
32647201	1	1032	0
26383734301	1	334	0
29247901	1	1095	0
26523029002	0	104	0
26523029002	1	627	600000008
26373531701	1	730	0
31586201	1	1095	0
26460782701	0	95	600000003
26460782701	1	636	0
26160032802	1	245	0
25443464104	1	669	0
644280901	1	334	0
26508599702	1	487	0
26503937601	1	415	0
26503937601	0	285	600000008
20001933076	0	245	0
20001933076	1	821	600000008
26399358301	1	730	0
1402955403	1	1095	0
26460929302	0	71	600000003
26460929302	1	509	0
26401018001	1	604	600000001
26401018001	0	127	0
26512921802	1	730	600000005
26459709501	1	455	0
26427199202	1	729	0
26458771202	1	285	600000003
26458771202	0	7	0
26458771202	0	428	600000006
26458771202	0	13	600000003	600000006
26373528502	1	730	0
26476010401	1	490	600000005
26476010401	0	241	0
300576001	2	1095	0
29286405	0	601	600000008	600000009
29286405	1	419	0
29286405	0	77	600000008
26465452301	1	181	0
20005032436	1	1006	0
26401731201	1	730	0
20011315392	1	888	600000005
20011315392	0	108	600000003
20011315392	0	57	600000009
20011315392	0	46	600000003	600000005
20002628938	0	124	600000005
20002628938	1	349	600000008	600000009
20002628938	0	161	600000009
20002628938	0	51	600000005	600000009
20002628938	0	146	600000004	600000005	600000009
20002628938	0	34	600000004
20002628938	0	3	600000004	600000009
20002628938	0	26	0
20002628938	0	210	600000003	600000009
26607785702	1	167	600000005
26607785702	0	168	0
355379201	0	389	600000007
355379201	1	707	0
26502518701	1	334	0
26371850602	1	730	0
26550911101	1	730	0
26466424001	1	610	0
20001349384	0	132	600000003
20001349384	1	441	600000001
20001349384	0	39	0
20006589974	0	447	600000003
20006589974	1	650	0
26548994505	1	730	0
25054336301	1	1036	0
26471192801	0	60	600000003	600000006	600000010
26471192801	0	127	600000006	600000010
26471192801	2	353	600000009
26471192801	0	101	600000010
26408943902	1	637	0
26537635202	1	498	0
1397114302	1	1095	0
26536804601	1	730	0
26462200601	0	104	600000005
26462200601	0	156	0
26462200601	0	168	600000006
26462200601	1	154	600000005	600000006
645855201	1	1095	0
26512431001	1	459	600000001
26512431001	0	19	0
372422402	0	3	0
372422402	1	151	600000008
502042503	1	549	0
53125501	1	883	0
26458125201	1	334	0
20014589565	0	88	600000003
20014589565	0	90	600000001
20014589565	0	63	600000001	600000006
20014589565	0	66	0
20014589565	1	793	600000008
26375375502	1	730	0
20015084258	1	143	600000001
20015084258	0	284	600000006
26444367501	1	388	600000001
26444367501	0	343	0
355300101	2	906	600000001
355300101	0	142	0
355300101	0	49	600000001	600000005
173617502	0	131	600000001
173617502	0	29	0
173617502	1	115	600000006
20014939684	1	853	600000001
26491820801	0	87	600000005
26491820801	1	11	600000003
26491820801	0	457	600000006
26491820801	0	164	600000005	600000006
26491820801	0	15	600000003	600000006
773906701	1	914	0
26505411701	1	729	0
26378128701	1	730	0
26386430901	1	730	0
509906502	1	1095	0
26372064101	1	730	0
25442306301	1	577	0
26539359501	1	396	600000001
25038551101	1	610	0
699432402	1	835	600000003
699432402	0	261	0
26372821401	1	728	0
26395389501	1	730	0
26445844201	1	157	600000003
26445844201	0	301	0
26440528501	1	607	0
25060233101	1	559	600000003
25060233101	0	431	0
25060233101	0	48	600000008
29714501	1	761	600000005
29714501	0	335	0
25066791801	1	1036	0
25021604802	1	1036	0
26435484801	1	729	0
31989501	1	1095	0
26476735801	1	729	0
26367815901	1	730	0
26440099901	0	249	0
26440099901	0	108	600000008
26440099901	0	276	600000006
26440099901	1	100	600000006	600000008
1086134301	1	852	0
26486807601	1	730	0
26483222501	1	577	0
25052159701	1	1036	0
26453610502	1	121	600000001
26453610502	0	520	600000001	600000006
26453610502	0	33	0
26453610502	0	59	600000006
26404947301	0	56	600000003
26404947301	3	675	0
26357911801	1	729	0
26608911801	1	184	0
26370871401	1	730	0
26367282901	1	730	0
26363902501	1	730	0
261574601	1	1095	0
172785501	0	76	600000003
172785501	1	1020	0
1184932401	0	140	600000005
1184932401	0	227	0
1184932401	1	153	600000008
26420538502	1	729	0
26527921901	1	104	600000005
26527921901	0	25	0
26527921901	0	603	600000008
1095700401	3	1095	0
26375789201	1	730	0
20003356095	1	291	600000007
20003356095	0	272	0
20003356095	0	19	600000007	600000009
26520743401	1	730	0
25062650603	3	1036	0
26552892602	2	730	0
26527700901	0	376	600000003
26527700901	1	355	0
26376475101	1	730	0
26490028402	0	289	600000003
26490028402	1	442	0
25437028202	1	1339	0
699835101	0	47	600000003
699835101	1	653	0
699457501	0	19	600000005
699457501	0	403	600000001
699457501	1	66	0
699457501	0	595	600000006
502023001	1	914	0
26523104101	1	364	0
26471903501	3	396	0
26375517801	2	730	0
26435310802	1	729	0
26441598501	2	461	600000005
26441598501	1	270	0
26396817601	1	730	0
535196402	1	914	0
26464721704	1	669	0
172627101	1	992	0
26488027301	1	730	0
25434116901	0	40	600000005
25434116901	0	190	0
25434116901	0	371	600000001	600000006
25434116901	0	100	600000001	600000003	600000006
25434116901	1	642	600000006
26421688401	1	729	0
25441164101	1	456	0
20001674554	1	150	600000005
20001674554	0	14	600000003	600000007
20001674554	0	92	600000001	600000006
20001674554	0	31	600000004	600000005
20001674554	0	30	600000006
20001674554	0	357	600000001	600000005	600000006
20001674554	0	17	600000005	600000006
20001674554	0	188	600000007
20001674554	0	29	600000005	600000007
20001674554	0	13	0
699478702	0	310	600000005
699478702	1	781	0
31389401	1	1095	0
26587459603	1	306	0
171767901	1	1095	0
26537711902	1	730	600000001
26520654001	0	41	600000005
26520654001	1	690	0
26427203202	1	729	0
26402173001	2	730	0
26505772701	0	66	600000005
26505772701	1	299	600000001	600000005
745719002	1	1095	0
26399986802	1	730	0
26384774701	2	730	600000006
26383000801	1	698	0
26428327601	1	729	0
25443522702	0	64	600000001	600000007
25443522702	1	1009	600000001
25443522702	0	268	0
26450077201	1	730	0
26452470101	1	730	0
26504449801	1	487	0
20000758451	1	193	600000005
20000758451	0	7	600000009
20000758451	0	898	600000001	600000005
20001303492	1	64	600000001
20001303492	0	728	0
26466629702	0	548	600000003
26466629702	1	183	0
26370067405	1	192	0
26435122401	1	730	0
26497786601	1	380	0
26450894601	0	199	600000001
26450894601	1	470	0
26562458001	1	233	0
26370293202	1	730	0
25436915207	1	1339	0
26419269701	1	729	0
746142401	0	501	600000003
746142401	1	595	0
26439352702	1	730	0
25059520502	1	1036	0
26542282501	0	158	600000005
26542282501	0	24	600000003
26542282501	0	198	0
26542282501	1	231	600000006
26516309301	0	20	600000005
26516309301	0	339	600000003
26516309301	1	341	0
26533467102	0	18	0
26533467102	3	713	600000006
20014955027	0	444	600000003
20014955027	1	653	0
26418409101	1	729	0
25438693101	1	1339	0
25437951404	1	1339	0
26451216901	1	730	0
26443828102	0	17	0
26443828102	1	714	600000006
32926002	1	1095	600000006
26517645501	1	549	0
174109601	1	1056	600000001
174109601	0	40	0
26465540003	1	730	0
20012425072	0	59	0
20012425072	1	1038	600000004	600000008
20002980400	0	9	600000005
20002980400	0	46	600000001	600000005	600000010
20002980400	1	75	600000001	600000010
20002980400	0	3	0
20002980400	0	186	600000001	600000005
20002980400	0	24	600000006
20002980400	0	700	600000005	600000006
26487386201	1	584	600000003
26487386201	0	147	0
26413468301	1	729	0
20003135527	1	255	600000001	600000010
20003135527	0	31	600000001	600000006
20003135527	0	189	600000006
20003135527	0	138	600000001	600000007	600000010
20008990215	1	486	0
26501116601	1	729	0
26483731001	1	636	600000003
26483731001	0	95	0
20004630089	1	486	600000001
1095864301	0	470	600000006
1095864301	1	626	600000003	600000006
299774201	1	1095	0
26366550901	1	730	0
26500694001	1	730	0
25260602601	0	234	600000001
25260602601	1	536	600000001	600000006
25260602601	0	268	600000006
20000896328	1	943	0
20012059725	0	9	600000001	600000007
20012059725	0	584	600000005	600000006	600000007
20012059725	0	22	600000001
20012059725	1	59	600000001	600000005	600000006	600000007
20012059725	0	292	600000005	600000007
20012059725	0	10	600000006	600000007
20012059725	0	126	600000001	600000005	600000007
26351143701	1	728	600000005
26351143701	0	3	0
20012896327	1	611	0
20011014727	1	261	600000001	600000003
20011014727	0	451	600000001
20011014727	0	67	600000003
20011014727	0	215	600000001	600000005
20011014727	0	106	0
26232707901	1	577	0
26439633201	1	729	0
26448266201	0	141	600000001
26448266201	1	590	600000001	600000006
26481378301	1	730	0
26427955402	1	729	0
25442167701	1	784	600000005
25442167701	0	191	0
26536078501	1	729	0
20012449609	1	731	0
26482050401	1	725	0
25434494601	1	1307	0
25057444501	4	1036	0
745695104	2	1095	0
26435988802	0	61	600000005
26435988802	1	670	0
745313801	0	263	600000003
745313801	1	792	600000001
745313801	0	42	0
26365680801	1	724	0
25441296101	1	1339	0
20014467076	0	193	600000001
20014467076	1	93	600000003
20014467076	1	31	600000001	600000006
20014467076	0	364	600000006
20014467076	0	419	600000003	600000006
26352672301	0	545	0
26352672301	2	185	600000008
25442416605	1	1339	0
25438093202	1	1339	0
25428254602	1	637	0
20006862182	0	150	600000001	600000006
20006862182	0	338	600000008
20006862182	1	402	600000006
20006862182	0	209	600000006	600000008
25449134301	0	69	600000001	600000010
25449134301	0	183	600000001	600000006	600000009
25449134301	1	694	600000001	600000006
25449134301	0	394	600000001	600000006	600000010
20003969857	1	516	0
20000135800	1	579	0
171902001	0	291	600000005
171902001	1	805	600000008
26511954001	1	304	600000005
26511954001	0	214	0
26385647303	1	258	600000003
26385647303	0	473	0
20008710879	0	498	600000001
20008710879	1	599	0
1095408601	1	1095	0
26550095501	1	313	0
26484869201	1	729	0
20010484897	0	13	0
20010484897	1	232	600000008
26517193901	0	61	600000004
26517193901	0	188	600000003
26517193901	0	120	0
26517193901	1	364	600000006
26463305002	1	485	0
25445613601	0	9	0
25445613601	1	1086	600000006
26447182401	1	243	0
30777303	1	1095	0
26387587501	1	730	0
26444489503	1	365	0
26518487201	0	444	600000003
26518487201	1	103	0
26463734901	0	379	600000005
26463734901	1	352	0
199919902	1	1095	0
25260123901	1	432	600000001
25260123901	0	390	0
25438593702	1	1004	0
26435797401	1	729	0
25440606701	1	1339	0
20002564832	0	31	600000001	600000006
20002564832	0	16	0
20002564832	0	78	600000001	600000006	600000008
20002564832	1	914	600000001	600000005	600000006	600000008
25041266901	1	1036	0
172906401	1	255	600000001	600000003
172906401	0	841	600000001
26532075501	1	729	0
20000294578	1	912	0
20000294578	0	154	600000009
26520832001	1	730	600000001
1095870101	1	1095	0
479563902	1	1095	600000006
26479494901	0	24	600000005
26479494901	1	473	600000001
26479494901	0	195	0
26479494901	0	41	600000006
25093626002	1	975	0
26438643701	1	365	600000003
26438643701	0	215	0
25070038402	1	531	600000005
25070038402	0	287	600000001
25070038402	0	220	600000003
26576078801	1	122	0
1095403602	0	267	600000001	600000003
1095403602	0	137	600000001
1095403602	1	318	600000001	600000006
1095403602	0	335	600000006
1095403602	0	42	600000003	600000006
26538143204	1	729	0
26481952401	1	175	600000001
26481952401	0	556	0
26366108702	1	730	0
26409429801	1	729	0
25043273702	0	19	600000005
25043273702	1	653	600000005	600000009
25439821901	1	1339	0
26535314701	1	729	0
25042593701	1	1036	0
26446444202	1	730	0
20001590891	0	810	600000001
20001590891	1	162	600000001	600000003
20001590891	0	126	0
26557281401	0	233	600000003
26557281401	1	498	0
20011037442	1	731	0
26510742203	1	381	0
26399352801	0	273	600000001
26399352801	1	435	600000001	600000006
26399352801	0	24	600000006
355814201	1	104	600000005
355814201	0	491	600000001
355814201	0	14	0
355814201	0	124	600000001	600000005
25036617601	1	1036	0
20017053900	1	487	0
26468803401	1	457	0
26595605901	1	183	0
26531685501	1	729	0
26531098702	0	9	600000007
26531098702	0	24	600000007	600000008
26531098702	0	28	600000001
26531098702	1	581	0
26531098702	0	30	600000001	600000008
26531098702	0	61	600000001	600000007	600000008
26460133101	1	730	0
20019016540	1	1053	600000003
20019016540	0	44	0
25039863101	1	809	600000003
25039863101	0	228	0
509947501	0	314	600000003
509947501	1	782	0
26532168601	2	730	0
25447157201	1	942	0
20012332800	1	856	600000001	600000006
20012332800	0	241	600000006
1404860604	1	1095	0
25448570201	1	113	0
25448570201	0	254	600000001	600000006
26382150001	1	730	0
25047962901	1	1036	0
26489677001	0	86	600000001
26489677001	0	246	0
26489677001	1	397	600000001	600000006
26489677001	0	4	600000006
25432598201	1	882	0
1198868901	1	487	0
574251003	0	154	600000003
574251003	1	932	0
20014997527	1	1096	0
26439368802	2	730	0
26462801301	1	730	0
26428814501	1	729	0
26421123001	1	729	0
26456772302	0	42	600000003
26456772302	1	689	0
26365525502	1	729	0
26486294901	1	730	0
26442821701	1	518	0
26380167801	0	276	0
26380167801	1	455	600000008
25058541101	1	1036	0
25042403201	1	1036	0
20001701412	0	177	600000005
20001701412	1	71	600000001
20001701412	0	240	0
274128901	1	883	0
26508453301	1	730	0
1095677001	0	884	600000005
1095677001	0	17	600000008
1095677001	1	126	600000003	600000005
1095677001	1	71	600000005	600000008
26520625701	1	729	0
26434710601	2	729	0
26423621902	1	729	0
26529002301	1	729	0
20004506408	1	126	600000001	600000004
20004506408	0	971	600000001	600000004	600000005
26542046602	1	730	0
643138202	0	74	600000005
643138202	0	577	600000006
643138202	1	265	600000005	600000006
26527612501	1	729	0
25380759501	1	579	0
26553376102	2	663	600000008
26367227102	1	730	0
25435057701	1	1339	0
262674302	1	844	600000005
262674302	0	252	0
26381711201	1	212	0
25022482801	3	643	0
25022482801	0	88	600000008
26458561501	1	577	600000005
26540199601	1	729	0
26363892301	1	730	0
25057045801	1	1036	0
20000149580	0	55	600000003
20000149580	0	346	0
20000149580	0	107	600000009
20000149580	0	58	600000008
20000149580	1	139	600000005	600000009
26394058102	1	510	0
25442053801	1	1015	600000005
25442053801	0	325	0
26436948402	1	729	0
26425243301	1	668	0
26419508901	1	729	0
20008329380	1	176	600000003
20008329380	0	801	0
26442948603	0	259	600000003
26442948603	1	472	0
26375652503	1	730	0
26235021201	1	243	0
25431433201	1	901	600000001
25431433201	0	439	0
20013382530	1	1096	0
26530198102	1	730	0
26498745604	1	730	0
26481700402	1	699	0
26364959702	1	730	0
26489366401	1	730	0
26539332301	0	271	0
26539332301	1	460	600000008
25450716204	1	579	0
1396021501	0	191	600000005
1396021501	0	128	600000005	600000006	600000009
1396021501	0	16	0
1396021501	1	185	600000006
1396021501	0	509	600000005	600000006
1396021501	0	71	600000005	600000008
25437567001	1	670	0
884369801	1	362	600000003
884369801	0	4	0
25435999301	0	1159	600000001
25435999301	1	181	600000006
20014512708	1	652	0
20014512708	0	47	600000008
26411169901	1	729	0
26409560201	1	729	0
26458734201	1	729	0
20015945680	1	129	600000001
20015945680	0	36	600000003
20015945680	0	140	0
20015927796	1	79	600000005
20015927796	0	243	600000001
20015927796	0	24	600000001	600000005
20015927796	0	51	0
174109501	0	915	600000001
174109501	1	173	600000001	600000006
911895502	1	1095	0
20000487719	0	77	600000001	600000006
20000487719	0	78	600000001	600000003	600000006
20000487719	1	762	600000001	600000005	600000006
26375304006	1	516	0
1095364004	1	914	0
26364770102	1	730	0
26504884601	1	729	0
26410892201	1	729	0
20004373058	1	731	0
26470308701	1	243	0
30940601	1	1095	0
743151801	0	14	600000001
743151801	1	479	600000001	600000006
743151801	0	536	600000006
26355816901	1	729	0
837264802	1	730	0
1401482202	2	1095	0
26352788701	1	729	0
25062566002	2	891	0
26506907702	1	730	0
26499490605	1	730	0
26592525501	1	365	0
26452988001	1	457	0
26449731301	1	730	600000006	600000008
25434385001	0	61	600000005
25434385001	1	1133	0
25434385001	0	147	600000008
699394301	2	1095	0
1399092501	1	1095	0
26477391901	1	212	0
26378390803	1	730	0
20005040841	0	310	600000005
20005040841	0	234	600000001
20005040841	1	554	600000001	600000005
20001866127	1	1096	0
25427881001	0	11	0
25427881001	0	512	600000006
25427881001	1	261	600000003	600000006
26551409701	0	205	600000001	600000003
26551409701	0	14	600000001
26551409701	0	22	600000001	600000006
26551409701	0	383	600000008
26551409701	1	110	600000006	600000008
25447133903	1	365	0
26396133001	0	545	600000003
26396133001	1	186	0
33740703	0	573	600000003
33740703	1	474	0
835764201	1	730	0
26378261305	1	730	0
574256401	1	905	600000003
574256401	0	191	0
26403780402	1	730	0
26370038001	1	730	0
26486434904	1	729	0
872455501	0	385	600000005
872455501	1	12	0
291858901	1	914	600000005	600000008
26552091702	1	730	0
26532106901	0	455	600000005
26532106901	1	260	600000001	600000005
26532106901	0	17	0
1096264501	1	1095	0
26388774201	1	688	600000005
26388774201	0	12	0
26388774201	0	2	600000010
26388774201	0	31	600000005	600000010
26370639103	1	719	0
26467491301	1	456	0
20017932215	1	858	600000001
20017932215	0	25	0
55501503	0	40	600000007
55501503	0	253	600000001	600000007
55501503	1	166	600000001
55501503	0	427	0
945867301	1	242	600000001	600000006
945867301	0	21	600000006
945867301	1	653	600000005	600000006
26389523801	0	111	600000001
26389523801	2	620	0
20000156853	0	93	600000007	600000008
20000156853	1	238	600000007
20000156853	0	108	0
20000156853	0	218	600000006	600000007
20000156853	0	443	600000008
20015863348	0	63	600000001
20015863348	1	300	600000001	600000006
20015863348	0	35	600000001	600000006	600000010
26539782401	1	545	0
26479438902	1	729	0
25072374001	1	1036	0
1022963003	1	897	0
20000493926	0	19	600000003
20000493926	1	187	600000001
20000493926	0	708	600000001	600000003
26462279902	1	730	0
26460303201	1	730	0
26507475701	0	18	600000001
26507475701	1	501	600000001	600000010
26443373301	1	466	600000001
26443373301	0	265	0
25361249201	1	365	0
26562687101	1	359	0
26546549202	3	730	0
26382368101	1	730	0
25075798201	1	1036	0
31170002	1	901	0
20009521229	0	366	600000004
20009521229	0	461	600000003	600000004
20009521229	1	271	600000001	600000004
123996301	2	315	600000005
123996301	0	702	0
172828702	1	1073	600000006
172828702	0	23	600000005	600000006
20009302533	1	232	600000001
20009302533	0	68	600000006	600000010
20009302533	0	67	600000006
217182001	1	883	0
26556795901	1	730	600000006
26460660501	1	365	0
26416275501	1	729	0
26470181001	1	730	0
26397628501	1	576	600000001	600000003
26397628501	0	35	600000001
26397628501	0	93	600000001	600000006
26397628501	0	29	600000006
25055730501	1	1036	0
32390504	1	1095	0
26481103401	0	341	600000005
26481103401	1	390	0
26367558402	1	730	0
26499687302	1	197	600000005
26499687302	0	261	0
354887002	1	1095	0
26503484702	1	730	0
26379713001	1	579	0
25071220501	1	1036	0
20015229241	1	67	600000001	600000003	600000005
20015229241	0	132	600000005
20015229241	0	18	600000003
20015229241	0	36	600000001	600000005
20015229241	0	723	600000004	600000005
20015229241	1	125	600000001	600000004	600000005
26469295601	0	25	600000001
26469295601	0	37	0
26469295601	1	573	600000001	600000006
26469295601	0	45	600000001	600000003	600000006
26469295601	0	43	600000006
26469295601	0	12	600000003	600000006
26553984302	0	174	0
26553984302	1	557	600000008
25029299101	3	1036	600000001
25445602702	1	851	0
945971601	1	914	0
26378321705	0	16	600000003
26378321705	1	715	0
52957602	0	267	600000005
52957602	0	454	600000003
52957602	1	103	0
26403653301	0	58	600000003
26403653301	1	448	600000001
26403653301	0	11	600000001	600000003
26403653301	0	216	0
31408902	0	328	600000006
31408902	1	768	600000003	600000006
30941002	1	519	600000005
30941002	0	495	0
20006444582	1	1015	600000001
20006444582	0	23	0
26489399802	3	730	0
369910101	1	92	600000005
369910101	0	1004	0
26448631601	1	455	600000003
26448631601	0	18	0
26370903301	1	730	0
20018087283	0	13	600000003
20018087283	0	629	600000001
20018087283	1	456	600000008
1023009401	1	642	0
26478545002	1	729	0
26467804201	1	730	0
262692101	0	121	600000001
262692101	0	149	600000001	600000005
262692101	1	237	600000010
262692101	0	31	600000003	600000005	600000010
262692101	0	272	600000003
262692101	1	271	600000001	600000003
262692101	0	10	600000003	600000010
262692101	0	4	0
262692101	0	8	600000005	600000010
26566361901	1	365	0
26448440101	0	146	600000009
26448440101	1	585	0
26519685902	2	730	0
33110303	1	862	0
33110303	0	234	600000006
20006568935	1	1096	600000001
26480929201	1	729	0
26444422301	1	730	0
25437564402	0	189	600000003
25437564402	1	967	0
25259763401	1	1036	600000001
26541911301	1	730	0
26563272901	1	359	0
26477829802	0	584	600000005
26477829802	1	147	0
20016022377	0	40	600000005
20016022377	2	312	600000003
20016022377	0	7	0
20016022377	2	586	600000008
20016022377	0	155	600000005	600000008
26448771901	1	622	600000005
26448771901	0	109	0
25263589401	2	1036	600000006
25076005002	1	671	0
25072036201	1	1036	0
25072647601	2	1036	0
26512569601	1	574	0
25433781701	0	668	600000005
25433781701	1	672	0
172298302	1	1095	600000001
25445078701	1	1307	0
32827604	0	474	600000003
32827604	1	622	0
25440001601	1	319	600000001
25440001601	0	36	0
25440001601	0	986	600000006
30728701	1	1095	600000001
20010340300	0	87	600000005
20010340300	0	47	600000006
20010340300	1	691	600000005	600000006
26521861402	1	730	0
26527305701	0	338	600000006	600000010
26527305701	0	299	600000001	600000006
26527305701	1	95	600000001	600000006	600000008
26470809201	1	424	0
1120712401	1	607	0
26358662102	0	306	600000001
26358662102	1	424	0
25035409801	1	281	600000001
25035409801	0	433	0
20006624739	0	2	600000001	600000005
20006624739	0	34	600000001	600000006
20006624739	0	12	600000006
20006624739	1	30	600000001	600000005	600000006
20006624739	0	1022	600000005	600000006
26364315401	1	730	0
31644101	1	1095	600000001
26234254301	0	14	0
26234254301	0	402	600000001	600000006
26234254301	1	194	600000006
20018053748	1	94	600000001
20018053748	0	380	0
20018053748	0	259	600000008
25432307302	1	1157	0
26515760401	1	669	0
25059949601	1	974	600000001
25059949601	0	22	0
25059949601	0	42	600000001	600000006
26447515502	0	69	0
26447515502	1	662	600000008
26408771001	1	729	0
25927575001	4	457	600000006
173258202	1	1095	0
26365710802	1	730	0
27454906	1	496	600000003
27454906	0	600	0
26524092201	1	166	600000003
26524092201	0	565	0
26350999401	1	243	0
25439714502	1	203	600000001	600000009
25439714502	0	686	600000001
25439714502	0	452	0
25259711601	1	61	600000001
25259711601	0	976	0
372403805	1	518	0
20008844189	1	610	0
26534515603	1	729	0
121183502	0	140	600000005
121183502	0	325	0
121183502	1	436	600000008
121183502	0	16	600000005	600000008
20001612889	1	1096	600000004
26403436601	1	730	0
26386586601	1	730	0
247873601	0	263	600000003
247873601	1	277	600000006
247873601	0	11	600000003	600000006
25434571502	1	1338	0
27818604	1	1095	0
20007653949	0	702	600000001	600000005	600000006	600000010
20007653949	0	189	600000006	600000010
20007653949	0	7	600000006
20007653949	0	177	600000001	600000006	600000010
20007653949	1	25	600000005	600000006
26396100102	0	19	0
26396100102	1	712	600000006
28759501	0	676	600000001
28759501	1	420	600000006
25070112401	0	255	600000001	600000003
25070112401	4	392	0
25070112401	0	5	600000008
25070112401	0	203	600000001	600000008
20018696453	1	671	0
26514060302	1	730	0
26498168102	1	273	0
26372316102	1	730	0
26519688601	2	730	0
26482092702	0	610	600000003
26482092702	0	13	0
26482092702	2	109	600000008
25428296101	1	625	0
1172751101	1	561	0
291716003	1	325	600000001
291716003	0	225	0
1399690101	0	141	600000005
1399690101	1	426	600000001
1399690101	0	78	0
1399690101	0	158	600000010
1399690101	0	296	600000005	600000010
20007043692	1	728	0
26540541601	1	729	0
26520133703	2	730	0
172641601	1	439	600000001
172641601	0	657	0
26550730004	2	730	0
26537339101	1	729	0
31819802	1	774	600000003
31819802	0	322	0
26543909101	1	730	0
20001880538	0	97	600000001
20001880538	1	464	600000001	600000006
20001880538	0	23	0
20001880538	0	150	600000006
25433958702	1	1310	600000003
25433958702	0	2	600000008
25433958702	0	29	600000003	600000008
93428501	1	661	600000005
93428501	0	426	0
291944502	0	423	0
291944502	1	492	600000008
20009069052	1	940	600000001
20009069052	0	157	0
26434206201	1	548	0
20008622458	1	1096	0
26403964602	1	730	0
26424240901	1	729	0
26386499304	1	730	0
26475427901	0	61	600000003
26475427901	1	103	0
26475427901	0	264	600000005	600000006
25436208002	0	458	600000005
25436208002	1	882	0
297433701	0	151	600000006	600000007
297433701	1	461	0
297433701	0	485	600000006
26388752001	1	32	600000001	600000006
26388752001	0	105	600000006
26388752001	0	595	600000005	600000006
26502579701	0	132	600000003
26502579701	1	599	0
20000408663	0	8	600000001	600000005	600000008
20000408663	0	2	600000008
20000408663	1	1067	600000001	600000005	600000006	600000008
20000408663	0	22	600000005	600000008
26399118902	1	730	0
26400851402	1	725	600000005
26400851402	0	6	0
20001693729	0	222	600000003
20001693729	1	814	0
26505314404	1	549	0
20015616745	1	396	0
20003093643	1	538	600000001
20003093643	0	559	0
25058157201	1	670	0
26451449802	1	730	0
200705001	1	1095	0
173295501	1	1095	0
26513631601	1	730	600000010
26505381301	0	6	0
26505381301	1	482	600000008
509968802	1	1084	0
355753501	0	735	600000005
355753501	1	250	600000001
355753501	0	106	0
1371836601	1	245	0
26425448702	1	729	0
26397266101	0	7	0
26397266101	1	724	600000001	600000006
26435113902	1	729	0
26450059602	0	396	0
26450059602	1	318	600000006
26369772204	1	584	0
25438517601	1	239	600000003
25438517601	0	1101	0
26420774701	1	729	0
26410213301	0	197	600000005
26410213301	1	163	600000003
26410213301	0	372	0
26367745304	1	730	0
20013704824	0	37	600000005	600000006	600000008
20013704824	0	7	600000006
20013704824	0	108	600000005	600000006
20013704824	1	947	600000001	600000005	600000006	600000008
26569156401	1	241	600000001
26569156401	0	125	0
26451628602	1	730	0
26398375302	1	365	0
26386152602	1	730	0
742331002	1	552	600000006
742331002	0	284	600000003	600000006
742331002	0	261	600000005	600000006
20006381560	0	12	600000001
20006381560	1	1085	600000001	600000008
201482104	2	1095	0
25430300902	1	639	0
25074333001	1	1036	0
26530129404	2	574	600000003
26530129404	0	157	0
26410724601	1	729	0
25432212502	1	1339	0
25440783603	1	1339	0
26369008001	1	730	0
26480644001	1	730	0
26478254201	1	680	600000001
26478254201	0	51	0
26375257401	1	730	0
20016891196	0	599	600000003
20016891196	1	164	0
20014224438	1	334	0
26413162201	1	729	0
26502166304	1	364	0
25435371501	0	34	600000001	600000003
25435371501	1	1004	600000003
25435371501	0	207	600000001
25435371501	0	97	0
20010956127	1	469	600000001
20010956127	0	203	0
261076201	1	1095	600000001
28635901	0	25	600000001	600000009
28635901	0	407	600000001
28635901	1	131	600000001	600000006
28635901	0	489	600000006
20012312016	1	41	600000001	600000003
20012312016	0	174	600000001
20012312016	0	120	0
26473283001	1	486	0
29443502	1	1095	0
1402937802	1	1095	0
26545533001	1	487	0
25448191202	1	912	0
20006220260	0	648	600000005
20006220260	1	388	0
25432709502	1	1222	600000001
25432709502	0	118	0
26520150701	0	173	600000001
26520150701	0	76	600000001	600000008
26520150701	0	23	600000001	600000006	600000008
26520150701	1	461	600000006	600000008
26380188001	2	730	0
1210014701	1	487	0
26528776001	1	729	0
20012467274	0	461	600000003
20012467274	1	636	0
26388834602	5	730	0
26383738601	1	730	0
26525164401	1	365	0
26374629901	1	730	0
25430031902	1	943	0
26590323201	1	272	0
26387850701	1	730	0
26370097202	1	730	0
26389964001	1	730	0
948006601	1	1095	0
26596667101	1	92	0
25435813202	1	1339	0
26234468401	1	365	0
20018704911	0	9	600000004
20018704911	0	794	600000001	600000003	600000004
20018704911	1	295	600000001	600000004
26467161002	0	43	600000003
26467161002	1	688	0
26448923901	1	334	600000007
26423632501	1	729	0
26484538701	1	455	0
25430531601	1	1337	600000001	600000006
25430531601	0	3	600000006
26489235501	1	730	600000001
26520684301	1	730	0
25431508301	0	967	600000001
25431508301	1	373	600000001	600000003
25048054701	1	1036	0
20016402856	1	470	600000001
20016402856	0	501	0
20016402856	0	127	600000001	600000006
20007247321	1	974	0
26492151201	1	730	0
374887503	1	639	0
26413046201	1	729	0
1295196501	1	334	0
20007632532	1	90	600000005
20007632532	0	458	0
20007632532	0	64	600000008
26548911601	0	185	600000007
26548911601	1	50	600000005
26548911601	0	497	600000005	600000007
26470390902	1	730	0
26416958801	1	729	0
25437131601	0	99	600000001
25437131601	1	1241	0
26440131401	0	145	0
26440131401	0	61	600000008
26440131401	0	42	600000006
26440131401	1	426	600000006	600000008
25442403103	1	761	0
260955402	1	1095	0
26389622502	1	112	0
26389622502	1	619	600000008
1095990302	0	207	0
1095990302	1	736	600000008
26487204602	1	729	0
25436800002	1	1339	0
25387930501	1	852	0
26485601401	1	608	0
25062325602	1	975	0
757158801	1	608	600000005
26455746701	1	98	600000001	600000006
26455746701	0	279	600000006
26455746701	0	355	600000003	600000006
25066536501	1	1036	0
172029902	1	1095	0
25449713001	1	821	0
26534506301	1	486	0
50217502	0	404	600000005
50217502	2	480	0
20002415055	0	132	600000005
20002415055	0	314	600000003
20002415055	1	169	600000003	600000005	600000008
20002415055	0	34	600000009
20002415055	0	154	600000008
20002415055	0	9	600000005	600000009
20002415055	0	56	600000003	600000008
20002415055	0	176	600000005	600000008
174025002	1	1095	0
26408065201	0	141	600000001
26408065201	0	72	0
26408065201	1	426	600000006
26408065201	0	94	600000005	600000006
29491301	1	774	600000001
29491301	0	55	600000001	600000003
29491301	0	55	0
29491301	0	160	600000001	600000005
29491301	0	39	600000001	600000008
1095737101	1	1095	0
26444416901	1	730	0
26556863901	1	369	0
26476896201	1	730	0
26523520001	2	730	0
26470595201	1	730	600000001
26435096301	1	729	0
26509256002	0	703	600000005
26509256002	1	28	0
26459602801	1	729	0
26372751301	1	730	0
26436204801	1	730	0
1095475201	0	18	600000004
1095475201	1	929	600000005
1095475201	0	103	0
1095475201	0	48	600000004	600000005
26507085201	1	364	0
26489323901	1	353	600000001
26489323901	0	378	600000006
26400159801	1	730	0
747183802	0	216	600000001	600000010
747183802	1	135	600000001
747183802	0	498	0
747183802	0	37	600000010
838802402	0	4	0
838802402	1	66	600000010
838802402	1	297	600000006
25452134502	1	244	0
26416844001	1	729	0
26364426901	1	730	0
25446132701	1	610	0
174296802	1	1095	0
20009111479	0	158	600000005
20009111479	1	244	600000009
20009111479	0	88	0
26379581001	1	730	0
865339601	1	1095	0
26441248502	1	457	0
26420232901	1	729	0
26402025401	1	730	0
261835701	1	1095	0
25439592001	1	1181	600000001
25439592001	0	159	0
1401395101	2	1095	600000006
20005012807	1	656	600000001	600000005	600000008	600000009
20005012807	0	2	600000005	600000009
20005012807	0	440	600000005	600000008	600000009
26389994702	1	730	0
26397664102	0	111	600000003
26397664102	0	10	600000008
26397664102	1	100	600000006
26397664102	0	412	600000003	600000006
26397664102	0	70	600000006	600000008
26456340702	1	699	0
25445773901	0	104	600000001
25445773901	0	44	600000001	600000005
25445773901	1	276	600000001	600000006
25445773901	0	918	600000006
26420516401	1	729	0
29674602	1	216	0
29674602	1	880	600000008
20004645969	1	562	600000001
20004645969	0	535	0
25435598801	1	1339	0
26532548201	1	359	600000003
26532548201	0	97	0
26363449801	1	730	0
26486777701	0	8	600000001
26486777701	0	26	0
26486777701	1	66	600000001	600000006
26486777701	0	633	600000006
50919202	1	609	600000005
50919202	0	181	0
50919202	0	95	600000008
20002852415	1	425	0
25443393201	1	882	0
26449839801	0	68	0
26449839801	1	632	600000006
25437517401	0	57	600000003
25437517401	0	441	0
25437517401	1	508	600000006
20019030667	1	744	0
20018813627	0	460	600000005
20018813627	1	637	600000010
20017407185	0	3	600000001
20017407185	1	1094	600000001	600000006
20002149749	0	458	600000005
20002149749	1	639	600000003	600000005
26433055501	1	729	0
25429446701	1	1339	0
26544398201	1	730	0
26408605301	1	729	0
26421042401	1	729	0
20004060358	0	851	600000003
20004060358	1	246	0
26374976901	1	730	0
509972802	1	1095	0
20005027703	1	1096	0
26521985101	2	409	600000001
26521985101	0	322	0
25443227302	1	1339	0
26433418801	1	729	0
26508296101	1	730	0
26442556801	0	336	0
26442556801	1	395	600000008
26372486604	1	730	0
300690402	3	730	0
20012595911	0	99	600000005
20012595911	0	156	600000003
20012595911	1	692	0
26423869301	1	729	0
20009727800	0	108	600000003
20009727800	0	2	0
20009727800	0	32	600000008
20009727800	1	917	600000006
20009727800	0	31	600000006	600000008
20009727800	0	11	600000003	600000006
26408384701	1	729	0
171957201	2	1095	0
26451973701	1	730	0
25439880701	1	973	0
699671702	0	787	600000001
699671702	0	80	600000003
699671702	1	230	0
1396003701	0	14	600000001
1396003701	1	574	600000001	600000006
1396003701	0	509	600000006
26431127302	1	395	0
26371882401	1	730	0
386458601	1	824	600000003
386458601	0	272	0
26433383701	1	698	0
26434547201	1	729	0
25433509302	1	609	0
68385004	1	549	600000005
25432606501	0	708	600000005
25432606501	0	48	600000006
25432606501	1	585	600000005	600000006
20002119354	0	128	600000001	600000006
20002119354	3	969	600000006
26232413701	1	577	0
26376218801	1	730	0
26435541601	1	729	0
25443138802	0	596	600000001
25443138802	0	47	0
25443138802	1	455	600000006
26451369901	1	730	0
26450449101	1	408	600000001	600000006
26450449101	0	6	600000006
26450449101	0	109	600000005	600000006
26450449101	0	210	600000003	600000006
26438119401	1	424	0
200531901	1	1034	0
26396389102	2	701	600000001
26396389102	0	30	600000001	600000008
262030001	1	1095	0
26446480101	1	457	0
26376319501	1	730	0
26471215201	1	311	600000003
26471215201	0	420	0
26500134301	1	304	0
1009265001	1	638	0
26539691101	1	729	0
25065172302	1	946	0
26396108702	1	729	600000003
26396108702	0	2	0
26373125301	1	730	0
26426674601	2	729	0
26364759801	2	730	0
25036869801	1	1036	0
26609681201	1	237	0
26555252701	1	469	0
26514144902	2	730	0
645869201	1	1084	0
26360716002	0	151	600000005
26360716002	0	264	600000003
26360716002	1	317	0
510028802	0	6	600000006
510028802	1	1090	600000005	600000006
20003041122	0	443	600000001
20003041122	1	86	600000001	600000006
20003041122	0	235	600000006
26402403701	1	730	0
26446820802	1	465	0
25045306801	0	174	600000005
25045306801	1	863	0
26413655802	1	729	0
173598205	4	730	0
26487706902	3	730	600000005
20007140659	1	758	0
776087903	1	1095	0
30611201	0	6	0
30611201	1	340	600000001	600000006
30611201	0	751	600000006
26404439701	1	730	0
26391847702	1	730	0
20016405390	0	547	0
20016405390	1	550	600000008
26376981802	1	730	0
26497181502	1	693	600000001
26497181502	0	7	0
26485454502	1	729	0
25434642502	1	609	600000005
758173401	1	817	0
758173401	1	279	600000008
25039926106	1	1036	0
25445084101	0	667	600000005
25445084101	0	96	0
25445084101	1	204	600000001	600000006
25445084101	0	55	600000006
25445084101	0	321	600000001	600000005	600000006
26443113301	1	396	0
26467874201	1	147	600000005
26467874201	0	433	0
26564810301	1	333	0
20001002772	1	81	600000001
20001002772	0	560	0
26385004604	1	730	0
26496459401	4	596	600000007
26496459401	0	75	0
26496459401	0	61	600000008
20018230281	1	1006	0
20007982239	0	321	600000005
20007982239	1	686	0
510164301	0	150	600000006
510164301	0	133	600000003	600000006
510164301	1	814	600000005	600000006
26395532603	1	730	0
502088102	0	241	0
502088102	1	674	600000006
25433759201	1	1062	600000001
25433759201	0	31	600000001	600000006
25433759201	0	248	600000006
26377205101	1	730	0
26439433101	1	662	600000001
26439433101	0	67	600000001	600000006
26439433101	0	3	0
26452787201	1	730	0
260905104	1	761	0
883461301	1	1027	0
26416164401	1	729	0
32535701	0	16	600000001
32535701	1	27	600000003
32535701	0	383	600000001	600000006
25443370601	1	731	0
26408862407	1	729	0
26373893702	1	730	0
26482205501	1	365	0
26381403401	2	730	0
26530798502	1	163	600000005
26530798502	0	57	600000003
26530798502	0	512	0
25436379201	1	1339	0
32648201	1	1095	0
26515040803	1	730	0
26471157901	1	730	0
25445829403	1	822	0
26556990601	0	155	0
26556990601	1	576	600000008	600000009
26400383402	0	443	0
26400383402	1	288	600000008
20014816890	0	78	600000008
20014816890	0	101	600000005	600000008	600000010
20014816890	0	339	600000003	600000008
20014816890	0	533	600000008	600000010
20014816890	1	49	600000005	600000008
26548732101	1	730	0
26426854302	1	729	0
26534856301	0	14	600000001
26534856301	1	515	600000001	600000006
26534856301	0	15	0
26534856301	0	189	600000006
32562802	1	1095	0
31224804	1	1095	0
26469250701	1	671	0
355183902	2	1095	0
25261546701	2	1036	0
20010271041	0	171	600000001	600000003
20010271041	1	707	600000001
20010271041	0	127	0
20003995464	0	42	600000003
20003995464	0	608	600000001
20003995464	0	402	600000008
20003995464	1	31	600000001	600000006	600000008
20003995464	0	17	600000006	600000008
25435831801	1	1338	0
25069168901	1	1035	0
20007457212	1	704	600000001
20007457212	0	332	0
26400690502	1	730	0
26390647601	1	730	0
26552722001	0	304	600000005
26552722001	0	304	0
26552722001	1	124	600000008
20006537942	1	670	0
26529163801	1	608	0
33491802	1	638	0
26535377101	1	729	0
26511868601	1	253	600000001
26511868601	0	478	0
28537102	1	1095	0
20014630527	1	1065	0
20017273293	1	548	0
25440342903	1	1339	0
26488516701	1	730	0
30935601	0	697	600000001
30935601	1	392	0
26448318801	1	730	0
26428218502	1	729	0
26391644202	1	365	0
20009734464	1	1096	0
26355214601	1	730	600000005
261705302	1	1095	0
1095488101	0	46	600000005
1095488101	1	161	600000001	600000007
1095488101	0	804	600000001	600000005
1095488101	0	87	600000001	600000005	600000007
260802002	1	1095	0
26389149701	0	12	600000005
26389149701	0	32	600000007
26389149701	0	347	0
26389149701	1	342	600000008
25449965401	0	428	600000001
25449965401	0	125	0
25449965401	0	83	600000001	600000006
25449965401	1	706	600000006
26477617001	1	730	0
26363432401	1	730	0
26586256902	1	365	0
28283101	2	1095	0
25432403501	3	1089	600000005
25432403501	1	111	600000008
25432403501	1	141	600000005	600000008
1399950801	0	2	600000001
1399950801	0	339	600000001	600000006
1399950801	1	756	600000006
25439845601	1	639	0
25431518601	1	700	600000006
25452413401	0	94	600000001	600000006
25452413401	0	144	600000006
25452413401	1	130	600000005	600000006
31603404	1	1095	0
26509797001	1	730	0
25044050101	1	1030	600000001	600000006
25044050101	0	7	600000006
26448825702	1	404	600000005
26448825702	0	82	600000003
26448825702	0	246	0
25438402201	0	366	0
25438402201	1	974	600000010
26486083005	1	397	0
1040938801	0	617	600000001
1040938801	1	31	600000001	600000006
1040938801	0	70	0
1040938801	0	15	600000006
26488914401	1	730	0
25436630901	1	940	0
1100773301	0	106	600000005
1100773301	1	26	600000001
1100773301	1	317	0
1100773301	0	11	600000001	600000005
29971001	1	1095	0
26525000001	1	729	0
26397208501	1	730	0
26376051401	1	730	0
25091806702	1	575	600000005
25091806702	0	384	0
25091806702	0	79	600000008
25438784702	1	1144	600000003
25438784702	0	196	0
758236802	1	1089	0
26423056301	1	729	0
26365898801	2	730	0
244134201	1	92	600000001
244134201	0	458	0
25062617901	1	1036	600000006
20015075161	1	1096	0
25442558701	1	1293	600000005
25442558701	0	47	0
25445513803	1	761	0
170316702	0	582	600000001
170316702	1	514	0
20016646856	1	452	600000001
20016646856	0	90	600000001	600000003
20016646856	0	8	600000008
20016646856	0	31	600000001	600000008
26383763001	0	434	600000008
26383763001	0	102	600000006
26383763001	2	196	600000006	600000008
25038918601	1	368	600000005
25038918601	0	667	0
20007567302	1	1096	600000001
20006350572	1	915	0
199750901	3	1095	0
20008605191	1	1004	0
26541870201	3	730	0
645896601	1	538	600000001
645896601	0	545	0
20008546906	1	1096	0
25060614302	0	95	600000007
25060614302	0	146	600000001	600000007
25060614302	1	146	600000001
25060614302	0	122	600000003	600000007
25060614302	0	531	0
26466471801	1	167	600000001
26466471801	0	291	600000001	600000003
20018291540	4	741	600000006	600000009
20018291540	0	22	600000009
25440061403	1	731	0
26378617701	1	59	0
26498125601	1	486	0
26446720001	1	350	0
26446720001	0	341	600000008
26446720001	0	40	600000006
1376951301	1	245	0
26485304001	1	89	600000001
26485304001	0	68	600000001	600000003
26485304001	0	575	0
261058701	1	1095	0
644300801	1	487	600000003
644300801	0	397	0
25441911901	1	849	600000003
25441911901	0	125	0
26516371103	0	340	600000003
26516371103	1	332	0
26477839901	1	729	0
20012375172	0	141	600000001
20012375172	1	500	0
53631201	1	356	600000001
53631201	0	94	600000006
53631201	0	435	600000006	600000008
26542370301	1	730	0
25436253501	1	1339	600000006
26362672801	0	119	600000005
26362672801	1	546	0
26362672801	0	67	600000009
26612272102	1	346	0
26535740401	1	729	0
26400983501	1	730	0
26442274801	1	640	0
29694501	1	472	600000005
29694501	0	624	0
743663801	1	1095	0
26365699402	1	527	0
26444303002	1	730	0
25042182504	2	997	600000003
25042182504	0	40	0
20002354218	0	17	600000004
20002354218	0	20	600000004	600000005	600000008
20002354218	1	171	600000003	600000004
20002354218	0	191	600000004	600000008
26380882201	1	729	0
299607101	3	1095	0
20017544785	1	700	0
26388123201	1	700	600000005
26388123201	0	31	0
1095169001	1	753	600000005
1095169001	0	29	600000003
1095169001	0	44	0
1095169001	0	214	600000008
1095169001	0	31	600000003	600000008
1095169001	0	29	600000005	600000008
26482712301	1	719	600000001
26482712301	0	12	0
26427475201	1	729	0
26461469201	1	486	0
26596929701	1	306	600000006
26403216102	1	730	0
26452967801	1	729	600000003
26452967801	0	2	0
26450525701	1	730	600000001
20001801341	1	1096	0
20007792768	1	864	600000001	600000009
20007792768	0	227	600000001
20007792768	0	7	600000009
26460644601	1	221	600000001
26460644601	0	475	600000003
26460644601	0	36	0
26378355401	1	730	0
26380339702	1	406	600000001
26380339702	0	325	600000001	600000003
26372329503	1	546	0
26550730601	1	730	600000001
26440061002	1	730	0
27808403	1	1095	0
835690901	0	4	0
835690901	1	713	600000006
835690901	0	15	600000005	600000006
26389364908	4	730	0
53124402	1	883	0
25442054201	1	609	0
26497522102	1	487	0
25432538303	1	671	0
20018870895	0	64	600000004
20018870895	0	54	600000004	600000006
20018870895	0	20	600000001	600000004	600000006
20018870895	1	143	600000001
20018870895	0	819	600000001	600000004
26433028002	1	576	0
26389941802	0	292	600000001
26389941802	1	439	0
26459279302	0	72	600000001	600000003
26459279302	0	4	600000003
26459279302	0	182	600000001
26459279302	1	191	600000001	600000006
26459279302	0	40	600000006
26458912602	1	729	0
28478702	0	73	600000003
28478702	1	1023	0
26459844002	1	730	0
26373036101	1	730	0
20015238614	2	733	600000007
20015238614	0	364	600000003
25072737401	1	1036	0
26528652204	1	730	0
26426201601	1	729	0
20001973538	1	1096	0
26529568701	0	390	600000005
26529568701	0	187	600000001
26529568701	0	42	600000003
26529568701	1	114	0
93571003	0	185	600000005
93571003	0	52	600000006
93571003	1	860	600000005	600000006
32234101	1	74	600000005
32234101	0	238	600000003
32234101	0	251	0
32234101	0	356	600000008
32234101	0	11	600000003	600000008
32234101	0	170	600000005	600000008
26385359003	2	730	0
773935701	1	354	600000003
773935701	0	561	0
172989502	1	803	600000005
172989502	0	17	0
172989502	0	216	600000003	600000005
699562001	0	120	0
699562001	1	963	600000010
354891301	1	1095	0
26374581602	1	730	0
25053534205	1	1036	0
26577574101	0	124	600000005
26577574101	0	41	0
26577574101	1	141	600000008
26577574101	0	31	600000005	600000008
26570296803	1	365	0
26494799301	1	193	600000005
26494799301	0	142	600000005	600000006
20007389780	0	2	600000001
20007389780	0	865	600000001	600000005	600000008
20007389780	1	45	600000001	600000005
20007389780	0	67	600000001	600000008
26518038901	2	273	600000008
20007972191	1	501	600000005
20007972191	0	23	600000003
20007972191	1	250	0
20007972191	0	110	600000003	600000005
2686804	0	22	600000001	600000006
2686804	2	528	600000001	600000005	600000006
26495538301	1	730	0
247171701	2	455	600000005
247171701	0	95	0
68089202	1	549	0
54784602	1	639	600000005
54784602	0	245	0
26553320301	1	656	0
25069815601	0	378	600000001
25069815601	1	659	600000006
26505235301	0	119	600000003
26505235301	1	581	0
26520361801	1	730	0
20001515524	1	151	600000005
26372193001	1	730	0
26379749201	1	730	0
26397645701	1	730	0
369756901	1	1095	0
25445450801	1	303	600000001
25445450801	0	95	0
26532883501	1	454	0
172689201	2	824	600000005
172689201	0	267	0
20011065845	0	392	600000001	600000005	600000010
20011065845	0	68	600000001	600000010
20011065845	0	28	600000005	600000010
20011065845	1	611	600000001	600000006	600000010
26488248003	1	729	0
26410781401	1	542	0
29414402	0	79	600000001	600000003
29414402	1	38	600000001
29414402	0	503	600000001	600000006
29414402	0	150	600000001	600000003	600000006
29414402	0	329	600000001	600000005	600000006
20013649469	1	516	600000001
20013649469	0	581	600000006
26376296104	2	730	0
26495513901	1	346	600000005
26495513901	0	326	0
26437906801	0	116	600000001	600000003
26437906801	1	603	600000001
26437906801	0	13	0
26366559205	1	730	0
26541990301	1	440	600000001
26541990301	0	260	0
26611743901	0	97	0
26611743901	1	182	600000008
31316202	1	429	600000001
31316202	0	8	0
31316202	0	636	600000006
510046801	1	840	0
510046801	0	115	600000010
510046801	0	142	600000005	600000010
26377280201	1	730	0
26498239703	1	730	0
20003706611	0	3	600000005
20003706611	1	428	600000001
20003706611	0	102	0
20003706611	0	566	600000001	600000005
25040586401	0	92	600000001
25040586401	0	716	600000001	600000006
25040586401	1	230	600000001	600000003	600000006
26440025001	1	718	600000005
26440025001	0	13	0
26524839001	1	710	600000007
26524839001	0	21	0
374906301	0	31	600000003	600000010
374906301	1	254	600000003
374906301	0	481	0
374906301	0	55	600000010
374906301	0	97	600000005	600000010
852094901	1	914	0
25437096601	0	19	600000006	600000010
25437096601	1	203	600000001	600000006
25437096601	0	654	600000006
25437096601	0	100	600000001	600000006	600000010
25439182605	1	1339	0
20003322340	1	365	0
26422201902	1	729	0
20001522318	1	1064	0
26537131301	2	377	600000003
26537131301	0	173	0
26538091301	1	729	0
26452675901	2	730	0
369715102	0	419	600000005
369715102	0	279	600000003
369715102	0	23	0
369715102	0	20	600000008
369715102	0	218	600000003	600000005
369715102	1	141	600000005	600000008
26367639201	1	730	0
26598516802	1	365	0
26496426804	1	639	0
25449281401	1	1299	0
26514030201	0	219	600000001
26514030201	1	391	0
510197702	2	1095	0
697734501	1	883	600000005
374899002	1	914	0
26389059201	0	222	0
26389059201	1	509	600000008
386416503	1	1093	0
25031702102	0	62	600000001	600000009
25031702102	0	388	0
25031702102	0	2	600000009
25031702102	2	552	600000008	600000009
25031702102	0	36	600000008
26232118002	1	515	0
26518308901	1	729	0
25063651301	1	1036	0
26455682801	1	730	0
174122603	1	1095	0
20000982334	1	486	0
26387095801	0	2	600000001
26387095801	1	719	600000001	600000006
26387095801	0	11	600000006
26611581403	1	256	0
26548871202	1	485	0
20010347310	1	1096	0
25434074101	1	232	600000001
25434074101	0	407	0
26373609203	1	730	0
20000429750	0	8	600000005
20000429750	0	337	600000005	600000006	600000009
20000429750	0	290	600000003	600000005	600000006
20000429750	0	51	600000001	600000003	600000005	600000006
20000429750	1	147	600000001	600000005	600000006
20000429750	0	268	600000005	600000006
26607739101	0	51	600000005
26607739101	1	103	0
26439073902	0	12	0
26439073902	1	719	600000006
26394639901	1	243	0
26368240501	1	730	0
521658401	0	297	600000005
521658401	0	118	600000003
521658401	0	62	0
521658401	1	548	600000009
521658401	0	74	600000006
26363720802	1	730	0
26472974701	1	549	0
32857201	1	269	600000003
32857201	0	2	0
32857201	0	826	600000008
26390851702	1	730	0
25438349201	1	1339	0
26377151902	1	730	0
26540414101	2	699	0
25025113701	1	1036	600000001
172048909	1	1095	0
20014838638	0	588	600000005
20014838638	1	115	600000001	600000003	600000005
20014838638	0	197	600000001	600000005
20014838638	0	168	600000003	600000005
26439222901	1	486	0
574254201	1	777	600000001
574254201	0	319	0
20005862566	0	336	600000003
20005862566	1	687	600000006
20005862566	0	75	600000006	600000008
26538977301	1	729	0
27653102	1	1095	0
26535352002	1	730	0
26593259402	1	137	600000005
26593259402	0	170	0
20002681558	2	1096	0
1680701	0	65	600000003
1680701	0	92	600000001
1680701	1	60	600000003	600000010
1680701	0	185	600000001	600000006
1680701	0	26	600000010
1680701	0	98	600000001	600000008
1680701	0	29	600000006
25058757801	1	1036	0
26425104602	1	729	0
26372142502	1	730	0
26552117701	1	244	600000003
26552117701	0	61	0
26552117701	0	419	600000006
25217938301	1	422	600000005
25217938301	0	615	0
26515460901	1	730	0
26450011801	1	638	0
757245102	1	117	600000001
757245102	0	798	0
171312801	1	1095	0
20007463200	1	1096	600000005
20003926119	1	213	600000001
20003926119	0	884	600000006
25441160301	1	1038	600000005
25441160301	0	302	0
20011091063	1	218	600000001
20011091063	0	148	0
26442309101	1	730	0
26537844401	1	454	0
20002252707	0	270	600000001	600000006	600000008
20002252707	1	827	600000006	600000008
261804101	1	937	600000001
261804101	0	159	0
25452628101	1	152	0
20010935410	1	139	600000005
20010935410	0	15	0
26371706102	1	730	0
1096031301	0	318	600000005
1096031301	0	515	600000003
1096031301	1	264	0
25433908303	1	470	600000003
25433908303	0	870	0
26370006201	1	730	0
25447886201	0	23	0
25447886201	1	981	600000006
25036729302	2	652	600000005
25036729302	1	258	600000003
25036729302	0	128	0
25449481201	0	187	600000001	600000006
25449481201	1	1142	600000006
20007427128	1	1096	0
839022401	1	670	0
839022401	1	61	600000008
25043389402	1	909	600000003
25043389402	0	128	0
26383667701	1	730	0
26375218101	3	730	0
26595073902	1	134	0
26588619901	0	150	600000006
26588619901	1	157	600000003	600000006
26534866903	0	100	600000004
26534866903	1	71	600000003	600000004
26534866903	0	196	0
26540596606	1	509	600000003
26540596606	0	222	0
174076701	1	699	600000003
174076701	0	397	0
26500875601	1	701	600000006
25435498501	1	1338	0
26233893501	1	577	0
26489178901	1	729	0
26401748401	2	730	0
26391539401	0	97	600000003
26391539401	1	514	0
20006269427	0	224	600000001
20006269427	0	713	600000001	600000003
20006269427	1	161	600000003
25069824302	0	7	600000005
25069824302	0	209	600000005	600000006	600000009
25069824302	0	54	600000003	600000005	600000009
25069824302	0	41	600000003	600000005
25069824302	1	694	600000005	600000009
25069824302	0	36	600000005	600000006
26443461001	1	729	0
26365708601	1	730	0
20017490379	0	104	600000003
20017490379	1	262	600000001
25255147501	0	6	600000005
25255147501	1	167	600000001
25255147501	0	31	600000001	600000005
25255147501	0	501	600000006
25255147501	0	274	600000005	600000006
25431280801	1	700	0
26390053302	1	730	0
26378204301	1	485	0
26544265701	1	457	0
26502767101	1	146	600000001
26502767101	0	250	600000003
26502767101	0	93	0
217745401	0	328	600000001
217745401	1	370	0
217745401	0	187	600000001	600000005
699385501	1	1071	0
25440170909	1	973	0
25024789301	0	145	0
25024789301	1	892	600000006
25059169501	0	186	600000005
25059169501	0	12	600000001
25059169501	0	122	0
25059169501	1	31	600000001	600000006
25059169501	0	597	600000006
25059169501	0	92	600000005	600000006
20019337306	0	137	600000005
20019337306	0	131	600000001	600000003
20019337306	0	416	600000001
20019337306	1	129	600000001	600000005
20019337306	0	287	0
26492758201	1	729	0
29412501	1	1095	0
26463474301	1	730	0
26429308801	1	729	0
26470293601	0	239	600000003
26470293601	1	492	600000008
26399379001	1	623	600000005
26399379001	0	108	0
200687102	0	91	0
200687102	1	287	600000004	600000008
200687102	0	719	600000008
1295231702	0	13	600000006
1295231702	1	263	600000005	600000006
26399472101	1	729	0
26382466601	1	730	0
26455830201	1	30	600000001	600000003
26455830201	0	701	600000001
26386099502	2	137	600000001
26386099502	0	537	600000001	600000006
26386099502	0	58	600000006
20011030079	0	91	600000005
20011030079	0	491	600000001
20011030079	0	80	600000010
20011030079	0	82	600000004	600000005
20011030079	1	84	600000004
20011030079	0	12	600000003	600000010
20011030079	0	204	600000003
20011030079	0	59	0
26479266901	2	328	0
26389515602	1	608	0
26497992502	0	384	600000003
26497992502	1	196	0
1095986901	1	1095	0
355724001	2	1095	0
26363100301	1	730	0
25432687301	1	1121	600000005
25432687301	2	156	600000003
25432687301	0	64	0
26546527202	0	137	600000005
26546527202	1	290	0
20015761981	1	641	600000005
20015761981	0	152	0
25448089901	1	532	600000007
25448089901	0	624	0
26499201001	1	83	600000005
26499201001	0	205	600000001
26499201001	0	201	600000006
20010138278	1	366	0
26530041301	1	729	0
26524104503	0	117	600000003
26524104503	1	249	0
25059651901	1	1036	600000001
26367281302	1	730	0
20018268229	2	1050	600000005
20018268229	0	47	0
26230125901	1	600	0
25069791701	1	1036	0
26383684301	1	304	600000010
1213223101	0	269	600000005
1213223101	1	128	600000005	600000006
26462756601	1	549	0
25047535501	1	1036	0
20015740946	0	367	600000005
20015740946	1	640	600000003
20004072033	3	339	600000005
20004072033	1	31	600000001	600000005	600000010
20004072033	0	34	600000001	600000010
20004072033	0	381	600000001
20004072033	0	315	600000001	600000005
172552701	1	1095	600000001
20014900410	1	1096	600000005	600000008
26488619902	0	410	600000003
26488619902	1	321	0
20003307119	1	1096	600000001
25096023001	1	629	600000001
25096023001	0	408	0
26504837601	1	426	0
996630102	1	914	0
296445103	1	1095	0
20005291455	1	1096	0
26364693601	1	730	0
26436824202	1	578	0
25089952901	1	466	0
20001721104	1	821	600000005	600000006	600000008
20001721104	0	276	600000006	600000008
26366908504	1	730	0
20000516452	0	99	0
20000516452	1	419	600000009
26562654601	1	358	0
26374779501	1	730	0
743117601	1	1095	0
25430274301	0	808	0
25430274301	1	500	600000008
26366795101	2	730	0
26373704801	1	723	0
20010961637	0	465	600000005
20010961637	1	352	600000003
20010961637	0	12	600000009
20010961637	0	270	0
20006350639	1	1096	0
26469254603	1	730	0
26499651301	1	396	0
26531707901	1	598	600000003
26531707901	0	133	600000003	600000008
26400692102	1	730	0
25437063202	1	943	0
1525502	1	549	600000001
26531863605	1	729	0
26409000501	1	730	0
26474847402	1	580	600000001
26474847402	0	59	0
26474847402	0	34	600000006
173032102	1	1095	600000005	600000008
26366024101	1	730	0
26464380701	0	316	0
26464380701	1	415	600000006
26446213503	1	730	0
26369428401	1	724	0
20005630519	0	38	600000005
20005630519	1	509	600000003
20005630519	1	520	0
20014370669	1	102	600000005
20014370669	0	18	600000001
20014370669	0	31	600000001	600000005
20014370669	0	5	0
26385395604	1	608	600000003
26385395604	0	123	0
1402824601	2	485	0
26594970302	1	334	0
26401882203	1	730	0
26374764401	1	730	0
574226901	1	1075	0
26385147801	1	730	0
20013719945	1	1096	0
30824402	2	687	600000005
30824402	0	360	0
30824402	1	50	600000008
26376643402	1	730	0
20004604083	0	48	600000001
20004604083	1	41	600000001	600000005
20004604083	0	247	0
20013771145	1	522	600000001	600000006
20013771145	0	58	600000006
170775102	0	639	600000003
170775102	1	457	0
20010575659	1	214	0
20008487099	1	1096	600000007
26511934701	0	194	0
26511934701	1	537	600000006
26359024401	1	729	0
26393704101	1	682	0
26402033802	2	699	0
26402033802	0	32	600000006
20003080432	1	853	600000001
1235061802	1	318	600000008
584739301	1	914	0
26426057102	1	729	0
25927165702	1	365	0
872592002	1	1095	0
26417363702	1	729	0
355597702	1	735	0
171356302	0	136	0
171356302	1	960	600000006
26416182001	1	729	0
28959603	1	1095	0
20006220166	1	458	600000004
20006220166	0	79	0
20006220166	0	21	600000004	600000005
20006220166	0	474	600000008
20006220166	0	68	600000005	600000008
298935701	1	1095	0
26542147401	1	729	0
26457633001	1	457	0
26410366101	1	729	0
26373683501	1	730	0
171908104	4	1095	0
26520305001	1	253	600000001
26520305001	0	478	600000001	600000005
273795201	0	11	600000006
273795201	1	873	600000006	600000008
54061904	1	883	0
26488293701	1	730	0
170978301	1	1095	600000001
26528218001	1	627	600000006
26528218001	0	43	600000006	600000008
26509110802	0	116	600000005
26509110802	1	76	600000003
26509110802	0	336	600000009
26509110802	0	27	0
26509110802	0	157	600000005	600000009
20004635782	0	305	600000001
20004635782	0	236	0
20004635782	0	189	600000009
20004635782	1	35	600000006
296866101	1	1095	0
20004661572	0	51	600000004
20004661572	1	1046	600000004	600000007
20018259339	2	977	600000003
20018259339	0	113	0
20018259339	0	8	600000003	600000005
25436769401	1	1339	0
26451984902	0	118	0
26451984902	1	613	600000008
26364304802	2	730	0
20003077469	0	148	600000005
20003077469	0	181	600000001
20003077469	0	181	600000001	600000005
20003077469	0	29	600000006
20003077469	1	561	600000005	600000006
975927102	1	883	0
26548851001	1	552	600000005
26548851001	0	179	0
26392316301	1	730	0
26441236101	1	730	0
26492268701	1	93	600000001
26492268701	0	638	600000010
172145105	2	1095	0
20004277418	0	103	600000005
20004277418	0	192	600000001
20004277418	1	185	0
20004277418	0	619	600000001	600000008
25435632601	1	1339	0
26424684201	1	729	0
26409597301	2	730	0
26414074501	1	729	0
746663102	0	92	600000005
746663102	1	1004	0
26390583001	1	730	0
25438180601	1	1339	0
20006855252	1	292	600000001	600000006
20006855252	0	226	600000006
20016998218	0	14	600000001
20016998218	1	86	600000001	600000006
20016998218	0	54	0
20016998218	0	81	600000006
20016998218	0	12	600000003	600000006
26583324204	1	365	0
26549181401	2	730	600000001	600000006
26388314004	1	730	0
26460483401	1	730	600000001
26499882401	1	369	600000005
26499882401	0	308	600000006
26499882401	0	55	600000005	600000006
20004393993	0	4	0
20004393993	1	1093	600000001	600000008
27250202	1	1095	0
20017824483	1	455	0
20005556588	1	996	600000005
20005556588	0	101	0
26413453101	1	729	0
20011032628	1	333	600000005
20011032628	0	764	600000003
26529208205	1	730	0
26500720702	0	168	600000003
26500720702	1	563	0
26451015502	0	152	600000005
26451015502	1	395	0
26545016801	1	373	600000005
26545016801	0	15	600000003
26545016801	0	81	600000006
26545016801	0	110	600000005	600000006
25070027801	1	1036	0
30569001	1	705	600000006	600000010
30569001	0	4	600000010
30569001	0	388	600000006
26374939202	1	730	0
26510594001	1	483	600000007
26510594001	0	67	0
20014924778	1	292	600000005
20014924778	0	322	600000004
20014924778	0	333	0
25018774802	0	406	600000005
25018774802	0	61	0
25018774802	1	237	600000005	600000008
25435695302	1	1339	600000006
709203701	1	125	600000001
709203701	0	326	600000003
709203701	0	465	0
1172617201	1	549	0
699508402	1	454	600000004
699508402	0	147	600000005
699508402	0	208	600000003
699508402	0	74	0
853399501	0	395	0
853399501	1	381	600000008
25445880701	0	37	600000001
25445880701	1	1060	600000001	600000006
26523117701	1	730	0
26402622401	0	31	600000003
26402622401	1	121	0
32044001	1	149	600000004	600000006
32044001	0	26	0
32044001	0	229	600000001	600000006
32044001	0	482	600000006
32044001	0	213	600000005	600000006
20013843669	1	991	0
26527994301	1	607	0
959645104	1	1095	0
51407303	1	698	600000001
26549752103	0	83	600000003
26549752103	1	558	0
1103347602	1	667	0
26461337101	1	552	600000005
26461337101	0	118	600000003
26537106602	1	564	600000005
26537106602	0	117	0
26537106602	0	3	600000008
26537106602	0	49	600000005	600000008
26459633701	1	274	0
26459633701	0	398	600000010
20002416541	1	474	600000005
20002416541	0	135	0
26406221901	1	607	0
26446691601	3	730	0
25434864604	1	1339	0
25437911702	0	50	600000005
25437911702	1	377	0
26444604903	1	730	0
20006388055	1	181	600000001
20006388055	0	246	0
585823701	1	1093	0
555528001	0	7	600000005
555528001	1	772	600000001
555528001	0	91	600000001	600000006
555528001	0	16	600000006
25057147701	1	963	600000001
25057147701	0	74	0
20009152978	1	457	0
25030851002	1	79	0
25030851002	1	370	600000008
26371875102	1	730	0
26373911601	1	730	0
25051557601	1	1036	0
201420602	1	1095	0
26373805502	2	730	0
26374928301	1	730	0
30767202	1	1095	0
20005269263	3	614	600000005
20005269263	0	483	0
26456682701	1	485	0
26376068001	1	730	0
883430001	1	1095	0
201123403	3	1095	0
1023111902	1	555	0
20006767476	1	972	0
26462933601	1	729	0
33693202	1	789	0
20003561438	1	165	600000001
20003561438	0	3	600000001	600000006
20003561438	0	87	600000009
20003561438	0	42	600000001	600000006	600000009
20003561438	0	43	0
53474101	2	702	600000005
53474101	0	182	0
26515711801	1	671	0
26399848902	1	650	600000003
26399848902	0	81	0
20000487512	0	408	0
20000487512	5	567	600000006
1130980001	1	730	600000005
565983702	1	1095	0
26372535201	1	730	0
26384754001	1	563	600000005
26384754001	0	168	600000003	600000005
26400753501	1	365	0
26388287501	1	730	0
20002430579	1	817	600000001
20002430579	0	280	600000001	600000005
26370571202	1	405	0
1095496401	0	67	600000005
1095496401	1	693	600000003
1095496401	0	217	0
26487234804	1	730	0
20002870285	1	876	600000001	600000006
20002870285	0	221	600000006
26534032801	0	110	600000005
26534032801	0	345	600000001
26534032801	1	155	600000001	600000005
20014873472	0	286	600000005
20014873472	1	100	600000003
20014873472	0	41	0
25439567502	1	1034	0
26376037002	1	730	0
25052062101	1	1036	0
26364779802	1	730	0
26478370302	1	365	0
25053974902	0	151	600000005
25053974902	1	886	0
837020902	1	383	600000001
837020902	0	287	600000006
20017662083	0	182	600000004
20017662083	0	227	600000004	600000006
20017662083	1	207	600000001	600000004	600000006
20017662083	0	483	600000001	600000004
20000172472	1	853	0
26504232301	0	420	600000001
26504232301	1	311	0
25095137801	1	580	0
26520534201	2	730	0
26474216602	1	730	0
26367275601	1	730	0
26445832601	1	577	0
26366019401	1	730	0
2398404	1	549	600000001
26454967401	8	730	0
744101703	1	1095	0
20019654759	1	1064	0
26523131501	1	729	0
26409136501	1	729	0
26231989601	1	518	0
20001595147	0	312	600000003
20001595147	1	785	0
25441677103	1	1308	0
31191904	1	1095	0
26566820301	1	245	0
743785202	1	897	600000005
743785202	0	33	600000003
743785202	0	167	0
25444745002	1	245	0
25444745002	0	1095	600000008
26500555301	1	646	0
20001094484	1	1096	0
20017501858	0	25	600000005
20017501858	0	65	600000003
20017501858	3	379	600000009
20017501858	0	332	0
20017501858	0	268	600000008
25438151801	1	1339	0
25439397701	1	1339	0
26481984401	1	730	0
20012867820	3	573	600000001
20012867820	0	312	0
20018166068	1	656	600000009
20018166068	0	257	0
26578361401	1	365	0
26485276904	1	730	0
25436327001	1	184	0
26539888101	1	729	0
26483187701	0	180	600000007
26483187701	0	148	600000006	600000007
26483187701	1	86	600000003	600000007
26483187701	0	319	600000006
26438942801	1	623	600000003
26438942801	0	108	0
26414130602	1	729	0
26380217204	1	730	0
368365901	4	370	600000005
368365901	0	180	600000003	600000005
26424311701	1	729	0
26533355503	2	730	0
26494564601	1	671	0
26402199603	1	723	600000003
26402199603	0	8	0
26366008701	1	730	0
25063965601	0	205	600000006	600000007
25063965601	0	18	600000006
25063965601	1	815	600000006	600000007	600000008
26468991801	1	638	0
25043508401	1	1036	0
25442391801	1	767	600000003
25442391801	0	361	0
172531401	1	931	600000004
172531401	0	155	0
202008202	1	1095	0
25060250301	1	597	600000001
25060250301	0	440	0
26551320101	1	730	0
26231510902	1	365	0
26405921002	1	650	600000005
26405921002	0	81	0
20013457808	0	145	600000005
20013457808	1	288	600000001	600000003	600000005
20013457808	0	103	600000001	600000005
20013457808	0	23	600000006
20013457808	0	541	600000005	600000006
26442793601	1	663	600000003
26442793601	0	68	0
52542902	0	74	600000008
52542902	1	810	600000005	600000008
25066485102	1	1036	0
26399758001	1	730	0
1096193601	0	42	0
1096193601	1	1054	600000006
20013966403	0	339	600000001
20013966403	1	423	0
26451011101	0	66	600000003
26451011101	1	665	0
25436679602	1	933	600000005
25436679602	0	407	600000004	600000005
25035221401	1	971	600000004
25035221401	0	9	600000004	600000006
25035221401	0	58	600000004	600000005	600000006
25433607301	1	791	0
1430701	0	563	600000001
1430701	1	352	0
26505213701	1	697	0
26535170301	1	729	0
25431151601	0	359	600000005
25431151601	0	23	0
25431151601	1	382	600000008
26389294301	1	730	0
26511752201	1	730	0
836173501	1	730	0
261616301	1	834	600000001
261616301	0	262	0
574308301	1	720	0
574308301	0	376	600000008
26387703001	0	7	0
26387703001	1	155	600000008
26387703001	0	9	600000006
26387703001	0	254	600000003	600000006
26387703001	1	309	600000006	600000008
26440628501	1	407	600000003
26440628501	0	324	0
355192901	0	362	0
355192901	1	734	600000006
758223902	1	1095	0
26395373101	1	698	0
124210602	1	647	600000005
124210602	0	449	0
26410285303	1	730	0
25431804201	1	740	600000001
25431804201	0	82	0
26420401101	1	729	0
260609604	1	1095	0
26451933601	1	729	0
26435611801	1	729	0
20006848453	0	228	600000007
20006848453	1	351	600000004
20006848453	1	304	600000001
20006848453	0	53	0
20006848453	0	112	600000004	600000005
20006848453	1	53	600000001	600000004
30746402	1	97	600000008
30746402	0	266	600000003	600000005
30746402	1	734	600000005	600000008
20004940664	0	82	600000006	600000010
20004940664	1	993	600000001	600000006
20004940664	0	23	0
698191901	0	81	600000004	600000006
698191901	1	242	0
698191901	0	186	600000006
698191901	0	43	600000003	600000006
20005888984	1	780	600000001
20005888984	0	197	0
26459317802	1	729	0
26424051903	1	729	0
25431692301	1	1315	600000004
25431692301	0	25	0
1096260801	1	1095	0
26394114501	1	730	0
20009992979	1	851	0
376050906	1	304	600000001	600000006
376050906	0	440	600000006
376050906	0	141	600000003	600000006
26608501901	1	334	0
26551024402	1	730	0
26410157501	1	223	600000007
26410157501	0	506	0
26374270902	2	730	0
26500411203	1	457	0
26404712804	1	730	0
67967101	0	22	600000001	600000003	600000010
67967101	1	893	600000001	600000010
155801	0	297	600000005
155801	1	618	0
1399234001	0	198	600000007
1399234001	1	653	600000001	600000007
201310901	1	1095	0
25095403502	1	1036	0
26483585802	0	20	600000005
26483585802	0	192	600000001	600000005
26483585802	1	520	600000003	600000005
26506956802	1	519	0
26396874102	1	730	600000007
646000002	0	6	600000005
646000002	1	39	600000001
646000002	1	1052	0
503208506	1	883	600000005
56224102	2	883	0
26460989601	1	669	0
26541514201	1	730	0
872486101	0	89	0
872486101	0	82	600000008
872486101	5	926	600000006
26484933001	1	729	0
20008508072	1	173	600000005
20008508072	0	53	0
20008508072	0	408	600000009
20008508072	0	465	600000005	600000009
172099901	1	1095	0
26490084503	1	730	0
25434645201	1	1339	0
26553877803	1	730	0
20017146278	1	76	600000006
20017146278	0	1021	600000003	600000006
26382179601	2	730	0
26566913601	1	31	0
922871501	1	365	0
26538036201	1	607	0
172200101	2	921	600000003
172200101	0	175	0
20010252815	0	65	600000005
20010252815	0	82	600000001
20010252815	0	428	600000001	600000005
20010252815	0	21	600000006
20010252815	0	17	600000005	600000006
20010252815	1	398	600000001	600000005	600000006
1014183001	0	57	600000001
1014183001	2	786	600000003
1014183001	0	42	0
25439975004	1	1339	0
26529983601	1	729	0
26397497003	1	516	0
26403457802	1	608	0
20003446731	1	378	600000005
20003446731	0	308	600000003
20003446731	0	386	0
20003446731	0	27	600000003	600000005
1404865601	1	1095	0
369862501	2	906	600000005
369862501	0	171	600000003
369862501	0	20	0
26371603101	1	730	0
20013143847	0	246	600000003
20013143847	1	730	0
20006612795	0	35	600000005
20006612795	0	3	600000001
20006612795	0	248	0
20006612795	1	777	600000001	600000006
20006612795	0	37	600000006
25045101101	1	1036	0
26434547702	1	728	0
26513473501	1	273	0
26425200401	1	729	0
26382569201	1	730	0
26518261901	1	730	600000001
26442997301	1	142	600000003
26442997301	0	375	0
20004245363	1	22	600000001
20004245363	0	600	600000001	600000008
20004245363	0	384	600000008
837526401	1	156	600000003
837526401	0	575	0
26600799101	1	365	0
26403933101	0	428	600000003
26403933101	0	5	0
26403933101	1	299	600000006
836673601	2	730	0
25436780501	1	1339	0
26502433201	1	404	600000001
26502433201	0	54	0
26506784801	1	730	0
26387567503	1	730	0
20011726066	0	369	600000001
20011726066	0	384	0
20011726066	1	131	600000006
173718004	1	1095	0
26374070901	1	730	0
26387617202	1	730	0
31242101	1	882	0
26382735301	1	729	0
1400591502	1	1095	0
1022705202	1	840	600000008
26543101102	1	730	0
26543453202	1	395	0
26569046801	1	306	0
20009601809	1	289	0
20009601809	0	502	600000008
26364548201	1	730	0
357062401	0	8	600000001
357062401	0	71	600000001	600000010
357062401	0	267	600000003
357062401	0	142	0
357062401	1	399	600000010
26369372801	1	695	0
27563902	1	1003	0
26523905101	1	729	0
510279801	1	1095	0
26484875001	1	729	0
26477498301	1	729	0
