PID	EVT	OFFS	D1	D2	D3	D4	D5
26504947701	0	115	600000005
26504947701	0	101	0
26504947701	1	290	600000006
26504947701	0	74	600000005	600000006
26233666101	1	153	0
25434468701	1	1339	0
25433796701	0	797	600000005
25433796701	0	23	600000003
25433796701	1	483	600000003	600000005
25433796701	0	39	600000003	600000009
25078961901	1	359	0
1200305201	1	506	600000003
1200305201	0	6	0
25440018701	1	1339	0
26378012801	1	576	0
25439620101	1	757	600000005
25439620101	0	44	600000009
25439620101	0	540	0
25443468501	1	1339	0
25449101301	1	923	0
26404664301	1	730	0
25046829001	0	31	600000005
25046829001	0	172	0
25046829001	2	105	600000003	600000005
26428774301	1	729	0
26231780702	1	303	0
26230223403	1	111	600000003
26230223403	0	71	0
20018413322	1	376	0
20018413322	1	82	600000009
25438444302	1	731	0
20018820668	0	20	0
20018820668	1	893	600000008
25456294601	1	521	600000006
25441543601	1	233	600000003
25441543601	0	165	0
26386340301	2	664	600000009
26386340301	0	67	0
25444752902	1	641	0
25441979503	1	507	600000003
25441979503	0	833	0
25434252002	1	1339	0
25433361302	1	1307	0
1095839301	1	1095	0
25440948702	1	1252	0
25440948702	0	88	600000010
25433984701	1	1339	0
172784101	0	478	600000005
172784101	1	50	600000009
172784101	0	237	600000006
172784101	0	166	600000005	600000006
172784101	0	168	600000006	600000008
26383189701	1	730	0
26366558801	1	730	0
26405773601	1	729	0
25437243503	0	447	0
25437243503	1	893	600000002
25434992401	2	678	600000003
25434992401	0	592	0
25434992401	0	71	600000003	600000006
25028906701	1	1036	0
26371963301	1	730	0
25449393302	1	912	0
26417921501	1	729	0
26531719101	0	403	600000003
26531719101	1	53	600000006
26531719101	0	276	600000003	600000006
26460178801	0	54	600000006	600000009
26460178801	0	12	0
26460178801	0	15	600000009
26460178801	0	10	600000008
26460178801	1	244	600000006
26460178801	0	94	600000006	600000008
26398307603	0	189	600000003
26398307603	1	328	0
25433572601	1	1339	0
26529741002	1	729	0
25448970801	0	47	600000008
25448970801	1	929	600000006	600000008	600000010
25432230901	1	851	0
20019599962	1	334	0
838093901	1	457	600000003
838093901	1	274	0
26526678001	1	730	600000005
25443677601	1	1339	0
25437900701	1	700	0
25432472801	1	824	600000001
25432472801	0	5	0
25432472801	0	512	600000001	600000005
26479229102	1	730	0
25444410801	1	787	0
28329002	1	626	600000005
28329002	0	55	600000003
28329002	0	29	0
28329002	0	54	600000003	600000005
25438178803	1	1247	0
26418301002	1	729	0
20017376335	1	1096	0
20003479754	2	822	600000003
20003479754	0	94	0
20003479754	0	182	600000008
26452944502	1	517	0
25432509501	1	790	0
25430601001	0	67	600000003	600000006	600000010
25430601001	0	45	600000003
25430601001	0	441	600000006	600000010
25430601001	0	7	600000010
25430601001	1	456	600000006
25430601001	0	85	600000003	600000006
1095754501	1	1095	0
25446452401	1	1339	0
25440167301	1	1339	0
26529526401	1	275	600000006	600000009
26529526401	0	16	600000003
26529526401	0	22	0
26529526401	0	68	600000006
26529526401	1	353	600000003	600000006
25443847201	1	670	0
20006532673	0	28	600000005
20006532673	0	211	600000003
20006532673	1	565	600000009
20006532673	0	98	0
20006532673	0	191	600000006
20006532673	0	8	600000005	600000009
25434430301	1	1339	0
1095536601	1	135	600000003
1095536601	0	216	0
1095536601	0	75	600000010
25433608901	1	1339	0
26231048101	1	153	0
26501364101	1	396	0
26405353703	0	10	600000005
26405353703	0	481	600000003
26405353703	0	9	600000009
26405353703	0	157	0
26405353703	0	8	600000005	600000009
26405353703	1	54	600000006
26405353703	0	17	600000005	600000006
20015666165	1	560	600000003
20015666165	0	537	0
25448079701	0	26	600000007
25448079701	1	225	600000006	600000007
25448079701	0	1057	600000006
25440627801	1	422	0
25434294301	0	73	600000006	600000010
25434294301	0	189	600000001
25434294301	0	226	600000009
25434294301	1	221	600000010
25434294301	0	256	600000006
25434294301	0	136	600000009	600000010
25434123201	1	1339	0
1096292001	0	291	600000001
1096292001	1	536	0
1096292001	0	150	600000001	600000005
25436443001	1	759	600000005
25436443001	0	215	0
25439255301	1	1339	0
26459715101	1	515	0
30364801	1	1087	0
25450897501	2	244	0
25441391103	1	1339	0
26467142402	1	730	0
26552525104	0	85	600000005
26552525104	1	371	600000003
26552525104	0	276	0
26511226001	2	365	600000005
26511226001	0	122	600000003
26511226001	0	186	0
1095429401	1	678	600000006
1095429401	0	418	600000003	600000006
25437464401	1	943	0
884207402	0	58	600000001
884207402	1	307	600000001	600000010
884207402	0	2	600000010
26427526503	2	729	0
26232165704	1	506	600000003
26232165704	0	103	0
26233432202	1	454	0
25433575601	1	1339	0
26407756501	1	396	0
25433942802	1	1339	0
26235512701	2	608	0
26419203602	1	729	0
25433532601	1	821	0
20004601495	0	84	600000004
20004601495	0	25	600000005
20004601495	0	189	0
20004601495	1	497	600000009
26424150301	1	729	0
25439707601	1	69	600000003
25439707601	0	804	0
25439707601	0	72	600000009
25432664001	1	1265	600000005
25432664001	0	75	0
26229988501	1	363	0
25434725101	1	1065	0
26541415902	1	730	0
25431245701	1	425	0
25431213303	1	1334	600000005
25431213303	0	6	0
25442760601	1	1303	600000005
25442760601	0	37	0
25433306001	1	1339	600000001
26372189401	1	730	0
20007728096	1	91	600000003
25447041801	1	1307	0
25430543401	0	98	600000005
25430543401	0	18	600000003	600000005	600000006
25430543401	0	311	600000010
25430543401	1	232	600000006
25430543401	0	374	600000005	600000006
25430543401	0	36	600000005	600000006	600000010
25430543401	0	8	600000006	600000010
25430543401	0	35	0
25430543401	0	23	600000005	600000010
25435176101	1	1339	0
20013335920	1	1096	0
26490906505	1	730	0
25439883801	1	1339	0
25437660702	1	1247	0
25438520601	1	1339	0
25057778801	1	1036	0
26490462801	1	460	600000005
26490462801	0	271	0
25435366701	1	821	0
25444077001	1	365	0
25432990301	1	213	600000001
26479562801	1	729	0
20009774517	1	944	600000004
25428493601	1	1339	0
25435081701	1	1339	0
25452872801	1	304	0
26372494402	1	638	0
25446612103	1	1307	0
26424628701	1	729	0
1096328701	0	414	600000003
1096328701	0	221	0
1096328701	1	462	600000010
25431434901	1	1338	0
25446462602	1	700	0
26495473302	1	396	600000003
26495473302	0	334	0
25434252601	1	1339	0
26426795101	1	729	0
25451160102	1	183	0
1120624602	0	397	600000001
1120624602	1	334	600000006
26490451301	1	243	0
26374259604	1	730	0
25433596401	1	1339	600000007
25441958601	1	1096	0
25436885501	1	568	0
25436885501	0	164	600000006
25447362301	1	1247	0
25433749202	1	1339	0
25443544301	1	579	0
26535666101	0	390	600000001
26535666101	0	204	600000009
26535666101	0	31	600000001	600000006
26535666101	1	108	600000006
25434025201	1	1339	0
25438677101	1	1096	0
26598525802	1	365	0
26391835402	1	730	0
25434198501	1	1339	0
25431143601	1	1339	600000001
26535059401	0	18	600000003	600000009	600000010
26535059401	0	45	600000009
26535059401	0	11	0
26535059401	1	313	600000010
26535059401	0	194	600000009	600000010
25431012801	0	155	600000001
25431012801	0	788	600000001	600000003
25431012801	1	77	600000001	600000005
25431012801	0	110	0
25435055402	1	1339	0
26424461301	1	729	0
25436280102	1	1339	0
26371423801	1	730	0
1400882601	1	87	600000001	600000003	600000005
1400882601	0	92	600000005
1400882601	0	39	600000003	600000005	600000009
1400882601	0	35	600000001	600000005
1400882601	0	35	600000001	600000005	600000009
1400882601	0	121	600000003	600000005
1400882601	0	7	600000005	600000009
1400882601	0	33	600000005	600000007
1400882601	0	96	600000003
1400882601	0	372	0
1400882601	0	188	600000005	600000007	600000009
26520893301	1	673	600000005
26520893301	0	58	600000003
26563845401	1	306	0
25440479801	1	975	600000006
25440479801	0	365	600000003	600000006
26541478901	1	454	0
25427402501	1	637	0
26422083101	1	729	0
25432479101	1	1308	0
25436477901	1	546	0
26399092102	1	730	0
26440673404	1	730	600000003
51932601	1	61	0
26415947401	1	334	0
25450089701	1	275	600000001
25443475301	1	1339	0
25433944901	0	189	600000005
25433944901	1	918	600000001
25433944901	0	58	0
25433944901	0	177	600000006
25447240401	1	1339	0
26416853601	1	729	0
25435967101	1	1339	0
26585496001	0	19	600000001	600000009
26585496001	0	6	600000003
26585496001	0	280	600000001
26585496001	0	3	600000001	600000003
26585496001	0	10	0
26585496001	1	52	600000001	600000003	600000005	600000009
26413897901	1	304	0
835670402	1	655	600000001
835670402	0	3	600000001	600000005
835670402	0	74	600000001	600000005	600000009
25438954004	1	850	0
25433687401	1	1009	600000003
25433687401	0	331	0
25445446601	1	273	0
25434129902	1	465	0
25434129902	0	875	600000006
26436809302	2	730	0
837370701	1	415	600000005
837370701	0	60	600000009
837370701	0	43	0
26416369302	1	395	0
25432099101	0	47	600000007
25432099101	1	409	0
25432099101	0	228	600000001	600000006
25432099101	0	658	600000001	600000006	600000007
25441777604	1	241	0
30198001	0	95	600000001	600000003
30198001	0	110	600000001
30198001	1	892	0
837991101	1	730	0
26424871101	2	729	0
26231624401	0	113	0
26231624401	1	406	600000006
25441197603	1	793	0
25452092501	1	244	0
26510239201	1	365	0
26478049001	1	396	0
25439182801	1	730	0
26367769201	1	730	0
25434736403	1	456	0
20005937951	0	512	600000001	600000007
20005937951	0	37	600000001
20005937951	0	41	0
20005937951	1	328	600000001	600000007	600000010
25440824301	1	1339	0
838171501	1	186	600000005
838171501	0	185	0
838171501	0	5	600000009
838171501	0	258	600000008
838171501	0	100	600000005	600000009
25452744301	1	182	0
20002172913	0	166	600000005
20002172913	0	141	600000009
20002172913	1	135	0
20002172913	0	260	600000003	600000005
25047764402	1	1036	0
248478603	0	110	600000005
248478603	0	84	600000003
248478603	1	192	600000009
248478603	0	166	0
26556998901	0	17	600000003	600000005	600000009
26556998901	0	104	600000003	600000005	600000006
26556998901	0	23	600000003	600000005
26556998901	0	33	600000006
26556998901	0	165	600000003	600000006
26556998901	0	5	600000003	600000006	600000009
26556998901	0	19	600000003
26556998901	1	27	600000003	600000005	600000006	600000009
25447810103	2	607	0
25439758101	0	56	600000005
25439758101	1	855	0
835447903	1	713	600000001	600000010
835447903	0	18	600000010
20017998469	1	1096	600000006	600000007
26446269601	0	157	600000003
26446269601	1	574	0
26426641101	1	729	0
26378694901	1	602	600000005
26378694901	0	128	0
25433947101	1	1339	0
25448635804	1	1196	0
25444826801	1	1339	0
25453072502	1	184	0
25447362602	1	1339	0
25430076101	1	1281	600000001
25430076101	0	59	0
25436797701	0	461	600000005
25436797701	0	363	0
25436797701	1	349	600000009
25436797701	0	169	600000003	600000005
25435889401	1	1338	0
26375387701	2	730	0
25450710201	2	1337	0
25437621101	1	699	0
25434917501	1	1339	0
743108802	1	1095	0
26379613101	1	730	0
20015896198	0	601	0
20015896198	1	68	600000009
20015896198	0	33	600000010
20007792768	1	864	600000001	600000009
20007792768	0	227	600000001
20007792768	0	7	600000009
26368435101	1	728	0
25433302301	1	1308	600000001
25433302301	0	32	0
26233069301	2	181	0
25442448103	1	400	600000003
25442448103	0	725	0
20015438099	0	23	600000004
20015438099	0	23	0
20015438099	0	43	600000004	600000005
20015438099	0	34	600000001	600000004
20015438099	1	763	600000001	600000004	600000005
31889905	1	1095	0
25036195406	1	1004	0
26465687501	1	728	0
26479104001	3	730	0
25437617002	0	48	0
25437617002	1	380	600000006
25428616901	0	51	600000006	600000007	600000009
25428616901	0	804	600000006	600000007
25428616901	1	486	600000006
26372400101	1	730	0
26364974002	1	396	0
25436371901	0	856	0
25436371901	1	484	600000006
25445550601	1	1339	0
20014187537	1	426	600000001
25445868001	1	1339	600000001
20013865231	1	486	0
25039420001	1	1036	600000001
26517816201	1	120	0
20008300522	1	123	600000005
20008300522	0	182	600000003
25435284601	1	1186	0
26469531901	1	729	0
25450560701	1	517	600000001	600000006
25439226601	1	638	0
25447098204	2	1339	0
25443865401	0	414	600000001
25443865401	1	575	0
25443865401	0	108	600000006
26534224601	0	51	600000006
26534224601	1	405	600000005	600000006
25434306702	1	670	0
26526870901	1	365	0
25446946901	0	54	600000005
25446946901	0	182	0
25446946901	1	373	600000006
26367848502	1	730	0
25436247102	1	973	0
26463643901	1	521	600000005
26463643901	0	142	0
26463643901	0	39	600000006
26463643901	0	31	600000005	600000006
25451187501	0	22	600000005
25451187501	1	338	600000001	600000005	600000008
25451187501	0	8	600000001	600000005
25439527402	1	1063	0
20006462024	1	919	600000001
20006462024	0	17	600000001	600000005
20006462024	0	14	0
20006462024	0	73	600000001	600000006
20006462024	0	43	600000006
20006462024	0	35	600000005	600000006
25440043601	1	1339	0
26486822401	0	21	600000001
26486822401	0	6	600000001	600000010
26486822401	0	377	600000001	600000003	600000006	600000010
26486822401	0	16	600000003	600000006	600000010
26486822401	0	33	600000003	600000010
26486822401	0	12	600000001	600000003	600000006
26486822401	1	131	600000001	600000006	600000010
26486822401	0	141	600000001	600000006	600000009	600000010
25445060101	1	1339	0
25432612001	1	1127	0
33791702	0	59	600000006	600000009
33791702	0	54	600000003	600000005	600000006
33791702	0	123	0
33791702	1	314	600000009
33791702	0	18	600000006
33791702	0	24	600000005	600000006
33791702	0	83	600000003	600000006
25433000002	1	1338	0
20007480098	1	1071	600000005
20007480098	0	26	600000009
26374371702	1	730	0
535025702	1	279	600000005
535025702	0	26	0
25438364601	1	973	0
26364446101	1	669	0
26231634702	1	184	0
25431204801	1	1287	600000003
25431204801	0	53	0
25435440301	1	1035	0
25433843801	1	1339	0
25439973301	1	517	0
25437405101	1	1339	0
182928301	1	546	600000005
182928301	0	5	600000009
182928301	1	134	0
182928301	0	160	600000010
182928301	0	42	600000005	600000009
26536199201	1	273	0
25439894301	2	1065	0
25432151701	0	50	600000005
25432151701	1	99	0
25432151701	0	188	600000009
25432151701	1	43	600000008
25432151701	0	51	600000005	600000009
25432151701	0	152	600000005	600000008
25441383801	1	1339	0
26520715001	3	729	0
774561201	1	238	600000005
774561201	0	598	0
774561201	0	5	600000009
774561201	0	45	600000005	600000009
26355185101	1	454	0
25432015901	1	1339	0
25448968602	0	500	600000001
25448968602	1	819	600000001	600000006
20002201054	2	244	0
20011352691	0	428	600000003
20011352691	1	134	600000009
20011352691	0	232	0
26390627503	1	485	0
25442520101	1	1123	0
1095394802	1	911	0
837488202	0	23	600000003
837488202	0	20	0
837488202	1	393	600000009
837488202	0	83	600000010
25448567701	1	1321	0
25038692701	2	1036	0
26421799601	1	729	0
25432183701	0	837	600000005
25432183701	0	105	600000003
25432183701	0	138	0
25432183701	1	262	600000003	600000005
31533307	1	1095	0
25440575001	2	668	0
25022039601	1	1036	0
25439581601	1	1339	0
26543345501	0	173	600000005
26543345501	1	365	0
26543345501	0	193	600000005	600000006
26573663005	1	203	600000003
26573663005	0	12	0
25435302501	1	1339	0
25431290202	2	1338	0
25432739202	0	731	600000003
25432739202	1	609	0
26403487601	1	545	0
25433941801	0	37	0
25433941801	1	846	600000009
25447068801	1	247	600000001
25447068801	0	32	0
25447068801	0	148	600000006
25452090701	0	88	600000005
25452090701	1	248	0
25437895202	0	144	600000003
25437895202	1	1196	0
25435604202	1	1339	0
26500114402	1	316	0
25436908901	1	1339	0
20016565629	0	264	600000001
20016565629	1	647	600000003
20016565629	0	52	600000001	600000008
20016565629	0	77	600000008
25433830101	1	1296	600000003
25433830101	0	44	0
26483368601	0	637	600000005
26483368601	1	94	600000003	600000005
25430899802	1	1338	0
26354018102	0	655	0
26354018102	1	75	600000009
25061134801	1	1002	0
25440371303	1	1096	0
25431644903	1	395	0
26511441001	0	71	600000009
26511441001	0	71	0
26511441001	1	167	600000002
26511441001	0	28	600000002	600000009
25444631601	1	456	600000007
25440388801	1	1338	0
25441579401	1	869	600000003
25441579401	0	8	0
25441579401	0	377	600000006
25441579401	0	88	600000003	600000006
20005041191	1	92	0
20013141068	0	8	600000006
20013141068	2	967	600000005	600000006
25438498301	1	973	0
26354033701	0	66	600000003
26354033701	0	21	600000009
26354033701	0	241	600000003	600000007
26354033701	1	403	0
25436492402	0	61	600000005
25436492402	1	1279	0
25432360401	0	16	600000001
25432360401	0	645	600000001	600000006	600000009
25432360401	1	680	600000001	600000006
25436012401	1	1338	0
20008267889	2	304	600000005
26530596402	1	638	0
26379765801	1	730	0
20008725287	0	632	600000005
20008725287	0	15	600000009
20008725287	0	91	0
20008725287	1	57	600000005	600000009
183208602	0	26	0
183208602	1	402	600000006
20014082884	1	309	600000005
20014082884	0	531	600000003
20014082884	0	50	600000009
20014082884	0	73	600000006
20014082884	0	81	600000006	600000008
20014082884	0	32	600000003	600000006
20014082884	0	26	600000005	600000006
25443361101	1	1308	0
25435777501	1	1339	0
26554212801	1	730	0
997587701	1	336	600000003
997587701	0	290	0
25439698501	1	1338	0
20008717472	1	39	0
20008717472	0	115	600000009
25435090602	1	1339	0
25435897202	1	1339	0
20008025722	1	127	0
20008025722	0	970	600000009
25434288401	1	668	0
26380046301	1	457	0
25454127602	1	31	0
25435386101	1	1339	600000001
25436516501	1	971	600000005
25436516501	0	95	0
25448604701	0	239	600000009
25448604701	1	732	0
25430282402	0	189	600000005
25430282402	1	151	600000001
25430282402	0	637	0
25430282402	0	61	600000006
26452435101	1	515	0
20017792860	0	93	600000003	600000005	600000006
20017792860	0	287	600000003
20017792860	0	102	600000009
20017792860	1	192	0
20017792860	0	190	600000006
20017792860	0	154	600000005	600000006
20017792860	0	84	600000003	600000006
25431614802	1	1338	0
25437907401	1	1339	0
26381547501	1	730	0
25452808401	1	299	600000003
25452808401	1	68	0
25437639101	1	731	0
26546617903	1	486	0
25446130002	0	30	0
25446130002	1	688	600000001	600000006
25446130002	0	623	600000006
25431725001	1	1095	0
839648201	0	55	600000005
839648201	1	378	600000001	600000005	600000008
839648201	0	14	600000001	600000005
839648201	0	263	600000001	600000008
839648201	0	24	600000005	600000008
26365157501	1	730	0
26232220501	1	487	0
25069379502	2	671	0
25436020702	1	1339	0
25444637001	1	910	600000006
25437284601	1	1186	0
20015143269	0	16	600000005
20015143269	1	657	600000003
20015143269	0	128	0
20015143269	0	206	600000003	600000005
26373578301	1	723	0
25436427304	3	700	0
368495901	0	23	600000001	600000003
368495901	1	162	600000001	600000003	600000009
368495901	1	242	600000001
368495901	0	265	600000001	600000006
368495901	0	45	0
368495901	0	39	600000001	600000006	600000009
368495901	0	3	600000006
368495901	0	50	600000001	600000005	600000006
25448748501	1	1122	0
25432692001	1	942	600000006
25443954401	1	822	0
25431219101	1	425	0
26366747601	1	730	0
25441903102	1	1004	0
837218101	0	25	600000003
837218101	1	706	600000003	600000007
26366968604	0	221	0
26366968604	1	510	600000002
68008202	0	76	600000001
68008202	1	103	0
68008202	1	372	600000001	600000005
26557761502	0	187	600000005
26557761502	1	179	0
26414780902	1	729	0
25452613501	1	366	0
25449321501	0	997	0
25449321501	0	117	600000009
25449321501	1	161	600000006
26416857201	2	729	0
774490201	0	324	600000005
774490201	0	120	600000003
774490201	0	331	0
774490201	1	88	600000009
774490201	0	24	600000005	600000009
25051849702	1	1036	0
573330901	0	50	600000005
573330901	0	55	600000001
573330901	0	12	600000001	600000003
573330901	1	87	600000001	600000006
573330901	0	126	600000001	600000005
573330901	0	76	0
573330901	0	19	600000001	600000003	600000006
573330901	0	9	600000006
25427820101	1	759	0
25445161901	1	1096	0
25442840103	1	1307	0
25433843501	1	1339	0
25452103301	1	121	0
25433653201	1	947	600000007
25433653201	0	218	600000001	600000007
25433653201	0	2	600000001
25433653201	0	173	0
26539704104	2	730	600000003
25443703704	1	1339	0
839341202	1	169	600000005
839341202	0	24	600000009
839341202	0	39	0
839341202	0	75	600000005	600000009
25434858301	1	334	0
25439356601	0	1028	0
25439356601	1	312	600000006
25432629201	1	700	0
20007284869	1	1064	0
25435383601	1	1339	0
26455512901	1	730	0
26409453501	2	729	0
25438498601	1	1339	0
25437343001	1	730	0
25450876501	1	366	0
25434526801	1	714	600000005
25434526801	0	291	0
355340802	1	95	600000005
355340802	0	82	600000009
355340802	0	64	0
20018607880	1	181	0
1096046602	1	944	0
26508881401	1	27	600000003	600000005	600000006
26508881401	0	366	600000006
26508881401	1	96	600000003	600000006
25041847501	0	77	600000005
25041847501	0	723	600000010
25041847501	1	31	600000005	600000010
1095892101	0	354	600000003
1095892101	0	404	0
1095892101	1	339	600000008
20018730124	1	108	600000005
20018730124	0	471	0
25434315202	0	19	600000003	600000006	600000010
25434315202	0	64	600000006	600000010
25434315202	1	261	600000003	600000010
25434315202	0	467	0
25434315202	1	466	600000006
25434315202	0	67	600000003	600000006
25439119001	1	1065	0
25440542101	1	337	600000008
25451198401	1	353	600000005
25451198401	0	14	0
25434043301	1	1157	0
25452656502	1	366	0
26489004401	2	730	0
25433810501	0	1038	600000005
25433810501	0	81	600000003
25433810501	0	129	0
25433810501	1	94	600000003	600000005
26562155901	1	365	0
25446519801	0	976	600000005
25446519801	0	66	600000003	600000005
25446519801	0	97	600000005	600000010
25446519801	1	203	600000003	600000005	600000010
25039378901	1	852	0
25436744401	0	44	600000005
25436744401	1	50	600000001
25436744401	0	47	600000001	600000010
25436744401	0	56	600000001	600000006
25436744401	0	59	600000010
25436744401	0	618	600000006
25436744401	0	18	600000006	600000009
25436744401	0	128	600000006	600000010
25436744401	0	327	600000001	600000006	600000010
26526497701	1	730	0
20017373082	1	477	600000003
20017373082	0	588	0
26231192101	1	288	600000001
26231192101	0	78	0
25076732001	1	883	0
26417966601	1	484	0
26375708802	1	730	0
25442984101	1	1339	0
31056402	1	900	600000003
31056402	0	173	0
31056402	0	24	600000003	600000005
244096901	0	84	600000003
244096901	0	151	0
244096901	1	177	600000009
244096901	0	48	600000008
25438728901	1	1339	0
25436090201	1	1339	0
26232037301	1	408	600000003
26232037301	0	199	0
25434272201	1	1339	0
1095984102	0	31	600000004
1095984102	0	57	600000004	600000005	600000006
1095984102	1	417	600000004	600000005
1095984102	0	136	600000005	600000006
25430808001	0	85	600000003
25430808001	1	313	0
20012173647	0	511	600000001
20012173647	0	46	0
20012173647	1	390	600000006
25431166501	1	973	0
25432342701	0	252	600000005
25432342701	1	174	0
30185601	0	78	600000003
30185601	1	107	0
30185601	0	29	600000003	600000009
26395669001	1	365	0
25442587802	0	18	0
25442587802	1	1031	600000009
25442587802	0	292	600000008
1095831302	1	1095	0
26232202801	1	396	0
25446277401	1	594	600000001
25446277401	0	176	0
25446277401	0	174	600000006
25443199801	1	973	0
25435977801	0	29	600000003	600000005	600000006
25435977801	0	740	600000006
25435977801	0	17	600000003	600000006
25435977801	1	524	600000005	600000006
25445551501	0	293	0
25445551501	1	1047	600000009
25443469001	1	1339	0
710597902	1	1095	600000010
25433763201	0	104	600000001	600000009
25433763201	0	427	600000001
25433763201	1	140	600000001	600000006
26400113702	1	365	600000005
26400113702	0	366	0
25441442304	1	973	0
26546135402	1	369	600000001
26546135402	0	362	0
25438227402	0	62	600000004
25438227402	0	36	600000005
25438227402	0	899	0
25438227402	1	345	600000004	600000005
30565901	1	1095	0
25435948001	0	108	600000007
25435948001	1	498	0
25435948001	0	157	600000003	600000007
25435948001	0	29	600000009
26514720104	0	144	600000003
26514720104	1	313	0
26391151802	1	273	0
25431597801	1	1095	600000005
25431597801	0	39	600000008
25431597801	1	188	600000005	600000009
25431597801	0	20	600000005	600000008
1095606301	0	75	600000005
1095606301	0	586	600000009
1095606301	1	436	0
25436800501	0	173	600000005
25436800501	1	587	0
25436800501	0	581	600000006
25431234801	1	1339	0
26610626301	1	153	0
25453782603	1	577	0
25439786201	1	1339	0
25067336601	0	633	600000003
25067336601	1	404	0
25448916501	1	1002	0
25435705601	1	1216	600000003
25428707701	1	181	0
866282701	0	188	600000001
866282701	1	159	600000006
866282701	0	385	600000005	600000009
25427881001	0	11	0
25427881001	0	512	600000006
25427881001	1	261	600000003	600000006
25441907301	1	1339	0
2109101	1	243	0
25437848501	1	1339	0
1095358901	0	166	600000005
1095358901	0	3	0
1095358901	0	5	600000008
1095358901	1	257	600000006
1095358901	0	363	600000005	600000006
1095358901	0	31	600000006	600000008
20016593446	0	259	600000005
20016593446	1	96	600000001
20016593446	0	103	600000009
25439550801	1	1178	600000003
25439550801	0	9	0
25432205802	1	1339	0
25433463201	1	1319	600000001
25433463201	0	21	0
25433655401	1	1339	0
20011959155	1	95	600000001	600000009
20011959155	0	231	600000004
20011959155	0	468	600000001
20011959155	0	95	600000003
20011959155	0	149	0
25441985801	0	5	600000005
25441985801	1	1147	0
25441985801	0	139	600000008
25441985801	0	51	600000005	600000008
26485008501	1	729	0
25446787302	1	1339	0
26421870003	1	181	0
25041304901	1	1036	0
25446618201	1	1339	0
25065094201	1	355	600000005
25065094201	1	100	0
25065094201	0	45	600000009
25065094201	0	82	600000010
25427860802	1	762	0
25452198801	0	214	600000005
25452198801	1	61	0
20007803540	1	718	600000005
20007803540	0	281	600000003
20007803540	0	99	0
25435959501	0	1015	600000007
25435959501	1	102	600000003
25435959501	0	224	0
25435736601	1	1218	0
25435736601	0	122	600000006
26400545401	1	270	600000001
26400545401	0	216	600000003
26400545401	1	246	600000009
25445962501	1	365	600000007
25445962501	0	207	600000001
25445962501	0	616	600000006
25819670601	1	243	0
26449451701	2	729	0
25445883001	1	1339	0
26437471302	1	212	0
25440854202	1	1339	0
25445316602	0	134	600000005
25445316602	0	261	600000004
25445316602	0	363	600000001	600000007
25445316602	1	400	600000001
26404662801	1	730	600000001
25450265701	1	1001	0
25065616301	2	1036	0
25430553002	0	363	600000005
25430553002	0	771	600000007
25430553002	0	13	600000003	600000005	600000009
25430553002	0	113	600000003
25430553002	1	27	600000003	600000005
25430553002	0	15	600000005	600000009
25430553002	0	43	600000003	600000009
26367922101	1	730	0
306695001	1	591	600000003
306695001	0	269	0
306695001	0	25	600000010
25441294301	1	119	0
25441294301	0	855	600000006
26516589402	1	270	600000005
26516589402	0	4	0
20003971099	1	410	600000005
20003971099	0	140	600000003
20003971099	0	454	0
25442997301	1	1339	0
25431208301	1	974	0
26465759901	1	486	0
25454324001	0	85	600000001
25454324001	1	129	600000006
25436434201	1	1157	0
25432142801	1	1286	600000005
25432142801	0	54	0
26234285502	1	548	0
25435043302	1	1339	600000001
25452356401	1	148	600000006	600000009
25452356401	0	130	0
25452356401	0	90	600000006
25432793301	0	611	600000006
25432793301	1	554	600000003	600000006
25432793301	0	176	600000005	600000006
25441388101	1	1339	0
25431448101	1	1339	0
25432135001	1	206	600000006	600000010
25432135001	0	116	0
25432135001	0	166	600000006
25435043501	1	1339	0
25059414601	1	1036	0
25434726602	1	866	600000005
25434726602	0	111	600000003
25434726602	0	364	0
26540955901	1	729	0
25440885201	1	1339	0
26416289002	1	729	0
25436605601	1	1339	0
25438638803	1	1096	0
25443572101	1	365	0
25428416203	1	943	0
25435130901	1	1339	0
26389246002	1	414	0
26389246002	0	317	600000009
25437977001	1	1097	0
1096298501	1	1095	0
25435097201	1	1339	0
25438197302	1	1339	0
775952801	1	1095	0
25059520103	1	1036	0
25446837001	1	790	0
27925102	0	19	600000003
27925102	0	977	0
27925102	1	101	600000003	600000009
33578904	1	1095	0
20018108191	1	792	0
25260414002	0	15	600000005
25260414002	0	237	600000003
25260414002	0	122	0
25260414002	1	665	600000008
26416172601	1	729	0
26376269101	1	730	0
26234141801	1	212	0
20007666475	0	18	600000001
20007666475	0	284	600000001	600000005
20007666475	1	796	600000001	600000006
26541222303	1	485	600000003
26235669501	1	151	0
171563302	0	135	600000005
171563302	0	152	600000003
171563302	0	96	0
171563302	0	21	600000006
171563302	1	208	600000003	600000006
25449518201	1	890	0
25437873501	1	1339	600000006
1095537305	1	850	0
25428225001	1	51	600000006	600000009
25428225001	1	587	600000006
26435085801	1	537	600000005
26435085801	0	94	0
26435085801	0	101	600000003	600000005
26380790602	1	729	0
26365875502	1	730	0
25431364601	0	17	600000005
25431364601	1	495	600000001	600000005	600000008
25431364601	0	37	0
25431364601	1	91	600000001	600000008
25431364601	0	33	600000005	600000008
25434377201	0	118	600000004
25434377201	0	7	600000005
25434377201	1	456	600000004	600000006
25434377201	0	761	600000006
25438615702	1	1339	0
20016877948	1	61	0
20002716791	0	23	600000001	600000005	600000010
20002716791	0	108	600000001	600000003	600000010
20002716791	0	101	600000001
20002716791	1	589	600000001	600000010
20002716791	0	42	0
20002716791	0	56	600000001	600000005
20002716791	0	32	600000001	600000008
25439421801	1	1339	0
20002114518	1	637	600000003
20002114518	0	460	0
29909401	2	1095	600000001
25435474301	1	1155	600000003
25435474301	0	3	0
25435591102	1	1339	0
25439993301	1	1338	0
25432133801	0	352	0
25432133801	1	988	600000006
838164201	1	730	0
25431796001	0	34	600000006	600000009
25431796001	0	164	600000004
25431796001	0	766	600000003
25431796001	0	2	0
25431796001	1	187	600000006
25431796001	0	191	600000001	600000004
26521787902	1	90	0
26510454101	1	730	0
26465457401	1	699	0
25442416702	1	1339	0
1096200201	0	97	600000003
1096200201	1	996	600000001
1096200201	0	4	0
25435120001	1	1339	0
25433536502	1	1307	0
25436785001	1	1339	0
25446296501	1	1322	600000001
25446296501	0	16	0
25435057001	1	757	600000005
25435057001	0	241	600000003
25435057001	0	343	0
20015987345	1	184	0
25446618202	0	128	600000003
25446618202	0	373	0
25446618202	0	320	600000009
25446618202	1	155	600000005	600000009
25443483002	1	266	0
25443483002	0	1043	600000006
20006178677	0	322	600000004	600000005	600000006
20006178677	0	2	600000006
20006178677	1	774	600000005	600000006
25454778802	1	244	0
20018787956	0	221	600000003
20018787956	1	29	600000001	600000003
20018787956	0	20	0
20018787956	0	20	600000001	600000006
20018787956	0	20	600000006
26233958001	1	56	600000005
26233958001	0	97	0
26233958001	0	306	600000009
25442930702	1	984	600000005
25442930702	0	356	0
25436463401	1	1339	600000006
25433961003	1	426	0
25436389001	1	1036	0
25440706201	1	974	0
25436161402	1	389	600000005
25436161402	1	312	0
25434013402	1	1339	0
25437142902	1	1186	0
26422005901	2	395	0
25442780801	1	456	0
25439373102	1	457	0
26388546501	0	150	600000005
26388546501	1	377	600000003
26388546501	0	205	0
20003946270	1	639	600000007
20018121800	1	1096	600000003
25439777302	1	1307	0
26487985101	3	237	600000003
26487985101	0	219	0
25438686101	2	691	600000003
25438686101	0	276	0
25438686101	1	374	600000009
26372415802	1	59	0
26589123701	0	357	600000001
26589123701	1	9	600000009
26533075801	1	151	0
25438449302	1	985	0
25438449302	0	81	600000006
26450666302	1	31	0
26455325601	0	79	600000005
26455325601	0	94	600000001	600000003	600000005
26455325601	1	35	600000001
26455325601	0	189	600000001	600000005
26455325601	0	184	600000005	600000008
20002039602	0	257	600000004
20002039602	0	36	600000004	600000006	600000009
20002039602	1	105	600000004	600000006
20002039602	0	608	600000004	600000005
25430685301	0	164	600000007
25430685301	0	185	600000005
25430685301	1	841	600000005	600000007
25430685301	0	85	600000009
25430685301	0	68	600000001	600000005	600000007
25431476601	0	441	600000005
25431476601	1	868	0
26476545101	0	236	600000003
26476545101	1	130	0
25454381501	1	213	0
26433533603	1	545	0
26552890601	1	350	600000005
26552890601	0	16	600000002	600000005	600000009
26552890601	0	103	600000009
26552890601	2	264	600000005	600000009
25438959301	1	1339	0
26374836802	2	516	0
26235436101	1	549	0
25447948301	1	431	600000005
25447948301	0	90	0
20011337734	1	1096	600000001
26420836201	1	729	0
25435070702	2	1337	600000007
25435070702	0	3	0
20011895730	1	396	0
26423528703	2	729	0
26568936601	1	365	0
26444565101	1	729	0
1095421201	0	13	600000005
1095421201	0	146	600000008
1095421201	0	433	600000006	600000008
1095421201	1	115	600000005	600000008	600000009
1095421201	0	180	600000005	600000008
25055882601	1	791	0
25436408801	0	79	600000006	600000009
25436408801	0	24	0
25436408801	1	1238	600000006
25436825101	1	1339	0
26454061101	0	92	600000007
26454061101	1	260	0
26454061101	0	380	600000008
1120660103	1	730	0
27557701	1	67	600000001	600000003	600000005
27557701	0	71	600000001	600000006
27557701	0	230	600000001	600000005
27557701	0	52	600000001	600000005	600000009
27557701	0	21	600000001	600000008
27557701	0	434	600000001	600000006	600000008
27557701	0	217	600000001	600000005	600000006	600000008
27557701	0	10	600000001	600000003
26539637004	0	220	600000004
26539637004	0	113	600000005
26539637004	3	272	600000003
26539637004	1	96	0
26539637004	0	33	600000009
20018984150	0	309	600000005
20018984150	0	49	600000003
20018984150	0	207	600000009
20018984150	0	91	0
20018984150	1	48	600000003	600000005
584877601	1	140	600000005
584877601	0	215	0
584877601	0	5	600000009
584877601	1	100	600000005	600000009
1096084503	0	402	600000003
1096084503	1	694	0
25431672801	1	1075	600000003
25431672801	0	265	0
26500071902	1	730	0
25431078902	1	1339	0
26234788701	1	335	600000006
26233051402	1	549	0
25436989902	1	1339	0
25439603201	1	1339	0
26398881401	0	484	600000001	600000005	600000006	600000010
26398881401	0	3	600000001
26398881401	0	64	600000001	600000003	600000005	600000006	600000009
26398881401	0	20	600000001	600000006
26398881401	0	8	600000001	600000003	600000005	600000006
26398881401	0	13	600000001	600000005	600000006
26398881401	1	52	600000001	600000003	600000005	600000006	600000010
1120682607	0	131	600000005
1120682607	1	523	600000003
1120682607	0	78	0
853306502	0	110	600000003
853306502	1	597	0
26551804001	0	166	0
26551804001	1	565	600000006
25443577301	1	1247	0
26459780101	1	729	0
25442268602	1	1339	0
25435950401	1	1339	0
25443397701	1	1339	0
28835302	0	54	600000005
28835302	0	197	600000001
28835302	2	540	600000003
946306801	0	124	600000003
946306801	1	791	0
26488679902	1	729	0
26450526101	1	120	0
26370083402	3	730	0
25435425002	1	1339	0
25439651501	1	1338	0
26481134502	1	652	600000003
26481134502	0	79	0
25453007701	1	122	600000010
20001027107	1	549	600000003
25435971901	1	1307	0
25447760101	1	1308	0
26580383003	1	92	0
26424749501	1	221	0
26424749501	2	387	600000002
26433511001	2	423	0
25441331601	0	177	600000003
25441331601	1	1163	0
26404159601	1	179	600000001
26404159601	0	386	600000001	600000010
26404159601	0	167	600000001	600000003
25442092101	1	850	0
25039331401	1	377	0
25436947801	1	1232	600000005
25436947801	0	108	0
25438332201	1	1339	0
26234582301	1	365	0
25436719201	1	303	0
25437471601	1	943	0
25439861901	1	1206	600000003
25439861901	0	103	600000003	600000009
25443300001	1	1248	0
20002161446	0	82	600000001
20002161446	1	281	600000001	600000006
20002161446	0	644	0
25439505103	1	1095	0
26401511801	1	396	0
25448650901	1	774	0
25448650901	0	381	600000009
25430558402	1	1339	0
260697601	0	222	600000005
260697601	1	89	600000009
260697601	0	786	0
25441275801	0	9	600000007
25441275801	0	405	600000006	600000007
25441275801	0	120	600000003	600000007
25441275801	0	302	600000006
25441275801	1	415	600000003	600000006
25454437801	1	60	600000006
20004485054	0	71	0
20004485054	1	265	600000008
25435928602	1	643	600000008
25435928602	0	164	600000006
25435928602	0	534	600000006	600000008
25453519901	0	599	600000001
25453519901	1	375	0
20018584117	0	131	600000003
20018584117	0	135	600000009
20018584117	1	315	0
26500272402	0	190	600000001	600000006
26500272402	1	510	600000001	600000003	600000006
26500272402	0	32	600000006
26372911902	1	730	0
25436883801	1	426	0
25440346601	1	1065	0
20004421171	0	45	600000001	600000005	600000010
20004421171	0	530	600000001	600000005	600000006	600000009
20004421171	0	235	600000001	600000005	600000006	600000010
20004421171	0	2	600000010
20004421171	0	22	600000001	600000006	600000010
20004421171	1	267	600000001	600000005	600000006
26555649801	1	481	600000005
26555649801	0	38	0
25432751101	0	55	600000006	600000010
25432751101	0	20	600000010
25432751101	1	1266	600000001	600000006	600000010
26492641602	2	730	0
26465053501	0	180	600000005
26465053501	1	27	600000006	600000009
26465053501	0	38	600000001
26465053501	0	195	600000003	600000005	600000006
26465053501	0	111	600000001	600000005
26465053501	0	24	600000006
26465053501	0	161	600000005	600000006
25436592001	1	1338	0
26485760302	0	110	600000005
26485760302	0	8	600000003
26485760302	0	10	0
26485760302	0	29	600000003	600000005	600000008
26485760302	0	149	600000008
26485760302	0	293	600000003	600000008
26485760302	1	137	600000005	600000008
26452182801	0	39	600000006	600000009
26452182801	0	58	600000001
26452182801	2	177	600000001	600000006
26452182801	0	459	600000006
26405019101	0	28	600000001	600000002
26405019101	1	268	600000001
26405019101	1	369	600000003
26405019101	0	68	0
25446925402	1	1339	0
26377997601	0	132	600000005
26377997601	1	86	600000003
26377997601	0	514	0
26513634401	1	729	0
25449769701	1	378	0
25441699001	1	1127	0
25436295601	1	1339	0
26414728201	1	729	0
26235859802	1	243	0
25045666201	1	1036	0
26481136701	0	550	600000007
26481136701	1	181	0
25452606901	1	274	0
25433603202	1	1339	0
25439778202	1	970	0
25444256201	0	147	600000005
25444256201	0	41	0
25444256201	1	1153	600000006
1095559801	1	1095	0
25433828801	1	1339	0
26540687301	0	36	600000001	600000007
26540687301	1	328	600000001
26540687301	0	125	600000001	600000005
25431308001	1	547	0
836253002	1	431	600000005
836253002	0	27	0
836253002	0	4	600000008
836253002	0	184	600000005	600000009
836253002	0	88	600000005	600000008
25436283301	1	762	0
26432094601	1	517	0
25438112101	1	397	0
25448693901	1	366	0
20003261791	0	30	600000007
20003261791	0	5	600000001	600000007
20003261791	0	47	600000001	600000005	600000006	600000007
20003261791	0	241	600000001	600000006
20003261791	0	96	600000001	600000006	600000007
20003261791	0	45	600000001	600000005	600000006
20003261791	1	638	600000005	600000006
1245891702	1	426	0
941685301	0	33	600000003
941685301	1	517	0
26533801001	0	508	0
26533801001	1	222	600000002
25439577601	1	1339	0
26401003001	1	730	0
25434194901	1	1339	0
25439901001	0	718	600000006	600000010
25439901001	1	207	600000003
25439901001	0	416	600000006
1023113201	1	757	600000003
1023113201	0	61	0
26387711301	0	73	600000009
26387711301	0	58	600000006
26387711301	0	11	600000003	600000006
26387711301	0	381	600000006	600000009
26387711301	0	19	600000003	600000006	600000009
26387711301	0	84	600000003
26387711301	0	26	0
26387711301	1	24	600000003	600000009
25435911601	1	1339	0
26233717001	1	212	0
1245823701	1	426	0
25435855701	1	1339	0
20016881788	1	547	0
1399418902	1	1095	600000005
26426102601	1	729	0
25449864704	0	194	600000003
25449864704	1	415	0
25449407802	0	38	0
25449407802	1	920	600000001	600000006
25065516301	1	1036	0
26374717402	1	730	0
25455899201	1	335	600000005
1156223701	1	365	0
26426453701	2	484	0
25439822201	0	146	600000005
25439822201	0	188	600000003
25439822201	0	35	600000001	600000005
25439822201	0	55	0
25439822201	1	584	600000006
25433549101	3	337	0
25442246806	0	9	600000005
25442246806	0	31	600000003	600000005	600000009
25442246806	0	700	600000003
25442246806	0	171	0
25442246806	1	403	600000003	600000005
25442246806	0	30	600000005	600000009
1095254002	0	198	600000001
1095254002	0	90	0
1095254002	0	210	600000001	600000006
1095254002	0	56	600000008
1095254002	1	545	600000006
25437283602	1	972	0
25433527301	1	1339	600000006
25448629203	3	394	0
26517478101	1	365	0
25439037201	1	730	0
25444478905	1	427	0
26349690101	1	730	0
25443300002	2	383	600000003
25443300002	0	16	600000009
25443300002	0	637	0
25443300002	0	31	600000003	600000009
25432514602	1	790	0
1206963601	1	205	600000007
1206963601	0	283	600000007	600000009
25442625201	1	1339	0
1095711201	0	590	600000005
1095711201	0	214	0
1095711201	0	25	600000003	600000005
1095711201	1	269	600000006
20011466422	0	32	600000001
20011466422	0	372	600000001	600000006
20011466422	1	336	600000001	600000005
20011466422	0	13	600000005	600000006
20011466422	0	347	600000001	600000005	600000006
25428483702	1	1337	0
25436835608	1	1035	0
25447798801	1	1339	0
20014232158	0	80	0
20014232158	1	155	600000008
20014232158	0	103	600000010
25431880102	1	855	600000001
25431880102	0	58	0
25437726701	1	469	600000003
25437726701	0	110	0
26376164901	1	730	0
25432646501	1	700	600000001
25436934001	1	1339	0
25435907401	1	1339	0
25431163401	1	1307	600000001
25431469901	1	1338	0
25434624104	1	576	0
25438246001	1	1339	0
26402790402	1	730	0
25433313001	1	1339	0
25070670801	1	947	0
30929401	0	275	600000008
30929401	1	821	600000010
26497448201	1	396	600000005
25442085303	1	1339	0
25063298801	1	761	0
26426816001	1	729	0
25438253204	1	1339	0
26401356204	0	447	0
26401356204	1	284	600000008
25439610902	1	395	0
25436548701	1	1339	0
26523953201	0	4	600000003
26523953201	0	131	600000003	600000005
26523953201	0	324	600000006
26523953201	1	274	600000003	600000006
26435543204	1	729	0
26481571503	0	50	600000001	600000003
26481571503	0	404	600000001
26481571503	1	278	0
26479452204	1	730	600000010
25059685901	1	730	0
25453372602	1	181	0
172361201	1	552	600000005
172361201	0	96	0
172361201	1	84	600000005	600000010
25432497001	0	6	600000005
25432497001	0	67	600000001	600000009
25432497001	1	547	600000006	600000009
25432497001	0	18	600000001
25432497001	0	11	0
25432497001	1	278	600000001	600000005
25432497001	0	327	600000009
25432497001	0	8	600000001	600000005	600000009
25432497001	0	85	600000006
20018240196	1	68	600000004
26519253601	0	151	600000005
26519253601	0	81	0
26519253601	0	144	600000008
26519253601	1	187	600000005	600000008
26519253601	0	171	600000002
25440464202	1	1339	0
20004654265	1	1096	600000003
170919701	0	73	0
170919701	3	566	600000009
25441261402	0	92	600000001
25441261402	1	985	600000001	600000006
25441261402	0	23	600000001	600000003	600000006
25441261402	0	35	600000006
25441261402	0	208	600000003	600000006
1095421901	1	1095	0
20001625946	1	759	0
25434075501	1	1339	0
25436973901	1	1339	0
25440854201	1	1339	0
25431989402	1	1096	0
25432169102	0	91	600000001	600000003
25432169102	1	684	600000001
25432169102	0	78	600000003
26487119701	1	730	0
25451160101	1	273	0
25431994902	1	578	0
424201	0	182	600000003
424201	1	368	0
25440370801	1	91	0
26422460002	2	637	0
25438639401	1	638	0
26461008002	1	730	0
26478547802	1	729	0
25453704001	1	122	0
25440550102	1	1339	0
26427467901	1	334	0
26232266701	1	454	0
25442634401	1	1339	0
25445135701	1	1339	0
25435063201	1	1339	0
20017921082	1	648	600000001	600000009
20017921082	0	214	600000001	600000003
20017921082	0	212	600000001
20017921082	0	15	600000009
20017921082	0	11	0
25432886101	1	578	600000006
1096053801	0	139	0
1096053801	1	562	600000006
1096053801	0	184	600000005	600000006
25434669001	1	273	0
25434669001	0	275	600000008
26548796901	0	178	600000005
26548796901	0	154	600000003
26548796901	0	208	0
26548796901	1	193	600000003	600000005
25439027001	1	1218	0
26537044701	1	504	0
26537044701	0	226	600000002
26470411303	1	729	0
20000954639	1	264	600000005
20000954639	0	7	600000001
20000954639	0	5	0
20000954639	0	31	600000001	600000005
25437732201	0	45	600000003
25437732201	1	1233	0
26379237501	1	730	0
25437591304	1	1339	0
25437044402	1	1339	0
25060576301	1	509	0
25435029501	1	760	600000001
25435029501	0	339	600000001	600000006
25435029501	0	32	600000001	600000008
25435029501	0	3	600000006
25435029501	0	17	600000005	600000006
25435029501	0	193	600000001	600000005	600000006
26361021701	1	38	600000005
26361021701	1	101	600000004
26361021701	0	30	600000003
26361021701	0	18	0
26361021701	0	363	600000003	600000005
25431086701	1	1339	0
26235439901	1	248	600000003
26235439901	0	88	0
26375879402	1	669	0
20015336611	1	875	600000003
20015336611	0	190	0
774032302	0	39	0
774032302	0	367	600000001	600000008
774032302	1	84	600000008
25437057801	0	96	600000005
25437057801	0	889	0
25437057801	0	41	600000009
25437057801	0	300	600000010
25437057801	1	17	600000005	600000009
26535852306	1	730	0
245451901	0	15	600000005
245451901	0	85	600000003
245451901	0	90	0
245451901	1	87	600000005	600000009
25434268201	0	246	600000005
25434268201	0	34	600000001
25434268201	1	1061	600000001	600000005
25435066401	1	1339	0
25435928601	1	1339	0
25442922101	1	1339	0
354941005	0	654	600000005
354941005	1	442	0
