PID	EVT	OFFS	D1	D2	D3	D4	D5	D6
20007930571	1	494	600000004
20007930571	0	54	600000003	600000004
20010572457	0	95	600000004
20010572457	0	86	600000004	600000006
20010572457	0	21	600000001	600000004	600000006
20010572457	0	175	600000001
20010572457	0	5	600000001	600000006
20010572457	1	719	600000001	600000004
26471507302	1	730	0
25439729901	0	37	0
25439729901	1	824	600000006
25439729901	0	386	600000003	600000006
25044233101	1	1036	0
20015948186	0	36	600000001
20015948186	0	80	600000001	600000005
20015948186	1	682	600000001	600000006
20015948186	0	250	600000008
20015948186	0	22	600000006
20015948186	0	31	600000001	600000005	600000006
20004452691	1	700	0
20018325047	0	111	600000001	600000010
20018325047	0	104	600000001
20018325047	2	883	600000010
25439521101	1	1339	0
20000986320	1	236	600000001
20000986320	0	108	0
20000986320	0	114	600000001	600000006
20000986320	0	93	600000006
20018373565	0	13	600000005
20018373565	0	32	600000001	600000005
20018373565	0	4	0
20018373565	1	458	600000001	600000006
20018373565	0	61	600000006
20018373565	0	38	600000005	600000006
20018373565	0	158	600000001	600000005	600000006
25445483701	1	1339	0
26414305401	1	698	0
20003166734	0	20	600000001	600000010
20003166734	0	15	600000006	600000010
20003166734	0	29	0
20003166734	1	943	600000001	600000006	600000010
54104901	0	12	600000001	600000003	600000005
54104901	0	17	600000001	600000009
54104901	1	188	600000005
54104901	0	109	600000001
54104901	1	271	600000001	600000005
54104901	0	20	600000001	600000003	600000005	600000009
54104901	0	25	0
54104901	0	64	600000005	600000010
26487066402	1	396	0
20007742080	1	334	600000005
20014060334	0	49	600000005
20014060334	1	39	600000003	600000005	600000006
20014060334	0	14	600000001	600000005
20014060334	0	96	600000003	600000007
20014060334	0	6	600000001	600000008
20014060334	0	487	600000003	600000005
20014060334	0	92	600000005	600000007
20014060334	0	52	600000003
20014060334	0	24	600000001	600000005	600000008
20014060334	0	3	600000008
20014060334	0	244	600000003	600000005	600000007
26477584502	0	251	600000005
26477584502	0	11	600000003	600000005	600000006
26477584502	0	2	600000006
26477584502	0	56	600000003	600000006
26477584502	1	294	600000005	600000006
25051706302	1	1036	0
26366558801	1	730	0
26376194402	1	730	0
20006157034	1	972	600000001
20006157034	0	31	0
25054191701	2	1036	0
25035699102	0	68	600000001
25035699102	0	244	0
25035699102	0	38	600000010
25035699102	2	170	600000006
26424486302	1	423	0
20017724625	0	102	600000001	600000009
20017724625	0	121	600000005
20017724625	0	364	600000001	600000005
20017724625	1	480	600000001	600000005	600000009
25432149301	1	1338	0
26391429902	1	730	0
20002612302	0	64	600000005
20002612302	0	255	0
20002612302	0	85	600000009
20002612302	1	651	600000006
20002612302	0	45	600000005	600000009
20009188048	0	5	600000001
20009188048	0	37	600000001	600000006
20009188048	1	433	600000001	600000005
20009188048	0	44	600000005	600000006
20009188048	0	125	600000001	600000005	600000006
26422105001	1	729	0
20017141168	0	2	600000005
20017141168	0	8	600000001
20017141168	0	50	600000001	600000005
20017141168	0	47	600000001	600000006
20017141168	1	322	600000001	600000005	600000006
26569064601	0	150	600000003
26569064601	1	34	0
26569064601	0	151	600000003	600000005
26569064601	0	33	600000006
26454629102	1	607	0
26371754201	1	730	0
26537451701	1	729	0
26405644001	1	212	0
20018521521	0	59	0
20018521521	1	148	600000006
20018521521	0	587	600000001	600000005	600000006
20008999813	0	49	600000003
20008999813	0	18	0
20008999813	0	259	600000006
20008999813	1	773	600000003	600000006
26388642301	1	139	600000005
26388642301	0	48	0
26388642301	0	180	600000005	600000008
25038430501	1	1036	0
20019232944	1	1096	600000001
20005543031	1	120	600000003	600000006
25067302601	2	636	0
25045753801	1	730	0
26394580901	1	514	0
20015478434	1	181	600000001
25446169301	1	638	0
26364326701	1	730	0
25432328501	1	425	0
20015702077	0	9	600000001
20015702077	1	961	600000001	600000006
20015702077	0	128	600000006
20000434351	0	45	600000005
20000434351	1	868	600000001
20000434351	0	27	600000001	600000006
20000434351	0	159	600000001	600000005	600000006
1095717702	1	234	600000005
1095717702	0	363	0
1095717702	0	500	600000005	600000006
26417851401	1	545	0
26452356201	1	729	0
25074938201	1	1036	0
20013262423	1	335	600000001
25439299403	1	546	600000001
25439299403	0	2	0
20008035155	1	1096	600000010
20016073537	0	37	600000001	600000004	600000006
20016073537	0	19	600000001
20016073537	0	2	600000001	600000006
20016073537	0	31	600000001	600000005
20016073537	1	92	600000004	600000005
20016073537	0	80	600000006
20016073537	0	3	600000005	600000006
20016073537	0	31	600000001	600000005	600000006
20016073537	0	18	600000001	600000004
20015231947	1	63	0
20015231947	1	242	600000006
26355613301	1	184	600000005
26355613301	0	424	0
20016421608	0	312	600000005
20016421608	1	236	0
26510756202	1	730	0
25437428801	0	104	600000005
25437428801	0	88	600000001
25437428801	0	10	600000001	600000005
25437428801	0	40	600000001	600000006
25437428801	2	349	600000006
25437428801	0	19	600000005	600000006
25437428801	0	35	600000001	600000005	600000006
25434622802	2	1307	0
25021537701	1	1036	0
26537755402	1	729	0
26392627701	1	545	0
25437218001	1	411	600000005
25437218001	0	5	600000003
25437218001	0	621	600000003	600000005
25260455502	0	452	600000001
25260455502	2	585	600000001	600000006
26429464101	1	423	0
26376947201	1	730	0
20013035975	0	19	600000005
20013035975	1	37	600000001	600000010
20013035975	0	413	600000001
20013035975	0	124	600000001	600000006
20013035975	0	36	600000010
20013035975	0	27	600000001	600000005	600000006
20013035975	0	98	600000001	600000005	600000006	600000010
20013035975	0	65	600000006	600000010
20013035975	0	10	0
20013035975	0	19	600000005	600000010
20013035975	0	102	600000001	600000006	600000010
20002971123	1	456	600000006
26365039601	2	730	0
25059739002	1	1036	0
20012898000	0	213	600000001
20012898000	0	45	0
20012898000	1	718	600000006
26395380101	2	545	0
20019512893	1	183	0
26463467601	1	421	0
26422116702	1	729	0
20013948281	0	64	600000006	600000009
20013948281	0	45	600000001
20013948281	0	15	0
20013948281	0	31	600000001	600000006
20013948281	0	40	600000009
20013948281	1	906	600000006
20010608493	1	620	600000003
20010608493	0	51	600000008
20005790423	1	203	600000001
20005790423	0	289	600000001	600000006
20005790423	0	606	600000006
244129601	0	9	600000005
244129601	1	456	600000010
244129601	0	86	600000005	600000010
20002694438	1	770	600000005
20002694438	0	59	600000001	600000005
20002694438	0	177	0
20000012771	1	875	0
20000012771	0	222	600000006
26406240001	1	212	0
25020214801	0	160	600000005
25020214801	1	632	600000006
20001536331	0	124	600000005
20001536331	0	58	600000001	600000005	600000010
20001536331	0	471	600000001
20001536331	1	172	600000001	600000006
20001536331	0	194	600000010
20001536331	0	82	600000008
20006761071	0	804	600000005
20006761071	1	107	600000005	600000006
20006761071	0	156	600000005	600000008
20006845075	0	84	600000001
20006845075	0	9	0
20006845075	0	45	600000008
20006845075	1	229	600000006
26378094301	1	391	600000005
26378094301	0	185	0
26233498301	1	456	600000005
26233498301	0	63	0
26440616001	1	194	600000001
26440616001	0	117	600000001	600000006
26440616001	0	390	600000006
26440616001	0	32	600000005	600000006
26399201901	1	32	600000004
26399201901	0	213	600000003	600000010
26399201901	0	184	600000010
26399201901	0	120	600000004	600000010
26420290802	1	484	0
26453280301	1	729	0
20015915664	0	8	600000004
20015915664	0	15	600000004	600000006	600000009
20015915664	1	946	600000004	600000006
20015915664	0	130	600000006
20019654843	1	535	600000001
20019654843	0	37	0
20019654843	0	356	600000001	600000006
20019654843	0	171	600000006
20015596091	1	129	600000005	600000009	600000010
20015596091	0	58	600000005	600000009
20015596091	0	159	600000006
20015596091	0	753	600000005	600000006
20000216832	1	212	600000001
20000216832	1	195	600000001	600000006
20000216832	0	71	600000009
20000216832	0	32	600000006
20000216832	0	11	600000001	600000005	600000006
26451129401	1	730	0
20007241135	0	20	600000005
20007241135	0	108	600000004	600000005	600000006
20007241135	0	9	600000006
20007241135	1	748	600000005	600000006
20012592103	0	42	600000005
20012592103	1	473	600000001
20012592103	0	32	0
20012592103	0	337	600000001	600000005
20012592103	0	216	600000006
20010573205	0	39	600000003	600000010
20010573205	0	7	0
20010573205	0	114	600000001	600000006
20010573205	0	24	600000010
20010573205	0	164	600000006
20010573205	0	2	600000001	600000006	600000010
20010573205	1	692	600000003	600000006
20010573205	0	61	600000001	600000003	600000006	600000010
20005430210	1	976	600000005
20005430210	0	121	600000005	600000006
20000187354	0	8	600000001
20000187354	1	418	600000001	600000006
26527216901	0	3	0
26527216901	1	728	600000006
20008547456	0	303	600000006	600000009
20008547456	0	71	0
20008547456	1	299	600000006
20001432627	0	490	600000001
20001432627	1	332	0
20002797248	1	821	0
26436102602	1	357	600000005
26436102602	0	184	600000003
26436102602	0	131	0
26436102602	0	61	600000003	600000005
26372334301	2	730	0
26433237901	1	576	0
25439517701	1	686	600000006	600000010
25439517701	0	14	0
25439517701	0	29	600000010
25439517701	0	36	600000006
26607118101	1	261	600000006
26490451301	1	243	0
26403327301	0	31	600000001	600000005	600000006	600000010
26403327301	1	438	600000001	600000006
26403327301	0	88	0
26403327301	0	161	600000001	600000006	600000010
26403327301	0	16	600000001	600000005	600000006
25047352201	2	1036	0
20014354859	0	206	600000005
20014354859	0	207	600000001
20014354859	0	214	0
20014354859	1	197	600000001	600000006
20009519660	0	37	600000001	600000005	600000010
20009519660	0	219	600000001	600000010
20009519660	1	666	600000001
20009519660	0	28	600000001	600000005
20009519660	0	89	0
26371827501	1	730	0
20013084555	0	535	600000001
20013084555	1	562	0
20016628727	0	65	600000001	600000010
20016628727	0	187	600000001	600000006
20016628727	0	113	600000003	600000005
20016628727	1	107	600000006
20016628727	1	251	600000005	600000006
20016628727	0	235	600000001	600000005	600000010
20016628727	0	127	600000006	600000010
20016628727	0	5	600000003
20016628727	0	14	0
25432826601	1	365	0
20002409745	0	63	600000003	600000006	600000008
20002409745	0	66	600000003	600000005	600000006
20002409745	0	129	600000003	600000005
20002409745	0	25	600000006
20002409745	2	299	600000003	600000006
20002409745	0	319	600000003
20002409745	0	137	600000003	600000005	600000008
20002409745	0	3	0
20002409745	0	33	600000003	600000008
20002409745	0	31	600000003	600000005	600000006	600000008
20014488962	0	230	600000003
20014488962	1	380	600000006	600000010
26547689301	0	457	600000003
26547689301	1	273	0
26403927001	0	45	600000001	600000004	600000010
26403927001	0	102	600000004	600000006
26403927001	0	26	600000003	600000004
26403927001	0	44	600000001	600000010
26403927001	0	11	600000001
26403927001	0	2	600000001	600000004
26403927001	0	10	600000004
26403927001	1	29	600000003
26403927001	0	121	0
26403927001	1	43	600000003	600000004	600000005
20002149903	1	575	0
20002093864	0	537	600000003
20002093864	0	35	600000003	600000005
20002093864	1	526	600000006
25038118102	6	1036	0
20014059341	0	421	600000005
20014059341	0	196	600000001
20014059341	2	420	0
26427259401	1	698	0
25430873501	1	1216	0
26450496401	1	669	0
20008196046	0	119	600000003
20008196046	1	885	0
25434173201	1	927	600000010
25434173201	1	339	600000005	600000010
25434173201	0	15	600000009	600000010
26370091902	1	730	0
25070099402	1	1036	0
26396398701	1	205	0
26396398701	0	373	600000008
20016562813	1	443	600000006	600000009
20016562813	0	45	600000001
20005316959	0	12	600000005
20005316959	1	146	0
20005316959	0	378	600000006
20005316959	0	137	600000005	600000006
26411896301	1	729	0
25053116301	1	1036	0
20013506978	1	884	0
20003640520	0	11	600000001	600000010
20003640520	1	65	600000001	600000006
20003640520	0	37	0
20003640520	0	33	600000010
20003640520	0	9	600000006
20003640520	0	32	600000001	600000006	600000010
20011786476	0	90	600000006
20011786476	1	1007	600000003	600000006
20008173802	2	145	600000005
20008173802	0	7	0
26423936301	1	729	0
25081065902	1	1004	0
26394184001	1	635	0
20013771819	1	758	0
25443867101	1	1339	0
25036968302	1	1036	0
20008727334	1	275	600000003
20008062145	1	77	600000005
20008062145	0	4	0
20008062145	0	147	600000001	600000005
20008062145	0	349	600000003	600000005
20008062145	2	256	600000005	600000010
20008062145	0	71	600000003	600000005	600000010
20008062145	0	198	600000005	600000008
20005379304	0	16	600000003
20005379304	1	104	600000001
20005379304	0	867	600000001	600000006
20005379304	0	112	600000001	600000005	600000006
20014398489	2	397	0
20003872719	0	15	600000001	600000003
20003872719	0	61	600000003	600000005	600000006
20003872719	1	103	600000001	600000006
20003872719	0	28	600000006
20003872719	0	893	600000003	600000006
26533566701	1	698	0
20005792313	0	121	600000003
20005792313	1	214	0
26443204502	0	153	600000005
26443204502	0	31	0
26443204502	1	61	600000001	600000005
26364855101	1	730	0
20001675351	1	222	600000001	600000004	600000006
20001675351	0	295	600000001
20001675351	0	13	0
20001675351	0	161	600000001	600000006
20001675351	0	75	600000001	600000004
20018193968	0	86	0
20018193968	0	48	600000008
20018193968	0	223	600000006
20018193968	1	742	600000006	600000008
55539202	1	883	600000004	600000005
26457172701	0	201	600000005
26457172701	1	185	600000001
26457172701	0	12	0
25433450901	0	686	600000001
25433450901	0	105	0
25433450901	1	550	600000006
25039462201	1	194	0
25437828601	1	1339	0
25045845101	0	765	600000003
25045845101	1	272	0
20000704105	0	18	600000001
20000704105	1	381	600000001	600000006
20000704105	0	121	600000006
20013369777	0	17	600000001
20013369777	0	204	600000001	600000006
20013369777	0	80	600000001	600000003	600000006
20013369777	1	189	600000001	600000006	600000010
20007881986	1	1055	600000006
20007881986	1	42	600000005	600000006
20019332513	0	518	600000001
20019332513	1	379	600000001	600000006
20019332513	0	199	600000001	600000008
20019332513	0	3	600000006
25037333401	1	730	0
26368544701	1	723	0
25448566501	0	775	0
25448566501	1	563	600000006
25434960801	1	437	600000001
25434960801	0	87	600000003
25434960801	0	148	0
26445046701	1	730	0
26447536901	1	457	600000010
26498688202	1	251	0
26498688202	0	480	600000010
26379354701	2	516	0
26366556101	1	730	0
25068581102	1	1036	0
20018676066	0	50	600000005
20018676066	1	21	0
20018676066	0	21	600000003	600000005
25077035301	0	38	600000001
25077035301	0	212	600000001	600000006
25077035301	1	553	600000001	600000003	600000006
20003707753	0	5	600000001
20003707753	0	31	600000001	600000006
20003707753	1	423	600000006
26403874201	0	7	600000005
26403874201	1	131	600000001
26403874201	0	87	600000001	600000005
26403874201	0	508	0
25050724301	1	1036	0
26385670701	0	26	600000001	600000004	600000005	600000010
26385670701	0	6	600000001	600000005	600000010
26385670701	0	177	600000001	600000003	600000010
26385670701	0	180	600000001	600000010
26385670701	1	345	600000001	600000004	600000005
121032501	0	185	600000005
121032501	1	186	600000001	600000005
121032501	0	14	600000006
121032501	0	532	600000005	600000006
20010817763	0	106	0
20010817763	0	14	600000008
20010817763	1	93	600000006
20010817763	2	276	600000006	600000008
26524748301	1	623	0
26364974002	1	396	0
26461948701	1	546	600000001
20019442722	1	198	600000003
20019442722	0	34	0
20019442722	0	717	600000006
20019442722	0	150	600000003	600000006
20011762621	0	20	600000004	600000006
20011762621	1	91	600000001	600000004	600000006
20011762621	1	51	600000003	600000004
20011762621	0	77	600000001
20011762621	0	25	600000001	600000006
20011762621	0	41	600000006
20011762621	0	38	600000005	600000006
20011762621	0	113	600000001	600000005	600000006
20011762621	0	39	600000001	600000004
25427845401	0	71	600000001
25427845401	0	95	0
25427845401	1	229	600000006
20014131025	1	214	0
26364494402	1	730	0
25045774401	1	1036	0
26426231103	1	729	0
20002412995	1	1096	0
25436286201	1	729	0
20004674818	1	609	0
25431938101	2	1277	0
20008937453	0	159	600000003
20008937453	1	694	0
25042314702	1	439	0
26395357801	1	59	0
25433472801	0	11	600000001
25433472801	0	650	0
25433472801	0	190	600000001	600000005
25433472801	1	294	600000010
25433472801	1	198	600000005	600000010
20016306122	0	18	600000001
20016306122	1	648	600000001	600000006
20016306122	0	36	600000006
20002980400	0	9	600000005
20002980400	0	46	600000001	600000005	600000010
20002980400	1	75	600000001	600000010
20002980400	0	3	0
20002980400	0	186	600000001	600000005
20002980400	0	24	600000006
20002980400	0	700	600000005	600000006
20009975985	1	116	600000005
20009975985	0	230	600000001	600000010
20009975985	0	161	600000001
20009975985	0	127	0
20009975985	0	204	600000001	600000006
20009975985	0	69	600000010
20009975985	0	73	600000008	600000010
25054482101	1	203	0
26429058601	1	729	0
20003135527	0	255	600000001	600000010
20003135527	0	31	600000001	600000006
20003135527	1	189	600000006
20003135527	0	138	600000001	600000007	600000010
20016007438	0	37	600000006	600000009
20016007438	0	56	600000005
20016007438	1	781	600000006
20016007438	0	225	600000005	600000006
25432134201	1	730	0
26453180401	2	212	0
26451308801	1	729	0
20016927749	0	59	600000003
20016927749	0	11	600000003	600000005	600000009
20016927749	0	31	0
20016927749	0	40	600000003	600000005
20016927749	0	68	600000006
20016927749	0	10	600000003	600000009
20016927749	1	58	600000003	600000006
26367625401	1	730	0
25065122501	1	1036	0
25451779901	0	116	600000001	600000009
25451779901	1	117	600000001
25451779901	0	104	0
26512360301	1	234	600000005
26512360301	0	12	600000003
26512360301	0	31	600000001	600000003	600000006
26512360301	1	25	600000003	600000006
26512360301	0	159	600000005	600000006
20000746808	0	82	600000003
20000746808	0	122	600000001
20000746808	1	577	600000001	600000006
20000746808	0	5	600000010
20000746808	0	42	600000001	600000006	600000010
20000746808	0	171	600000006
20000746808	0	103	600000003	600000009
20007835105	1	1096	600000001
653743601	1	61	600000006
26508590502	1	729	0
20005112020	1	334	600000006
20008945787	0	339	600000005
20008945787	1	394	0
26420386101	1	395	0
20004442824	0	77	600000005
20004442824	0	77	600000001	600000003
20004442824	0	60	600000001
20004442824	0	131	600000001	600000006
20004442824	1	755	600000006
20015796050	1	140	0
20015796050	0	341	600000001	600000006
20015796050	0	10	600000001	600000003	600000006
20015796050	0	333	600000001	600000005	600000006
20015542601	0	611	600000004
20015542601	1	486	600000004	600000006
25045978001	0	218	600000001	600000003
25045978001	1	501	600000001
25045978001	0	211	600000001	600000006
25045978001	0	109	600000006
26519030002	1	243	600000006
26379661001	1	123	0
26370778502	1	730	0
584850201	1	549	0
20005406483	0	25	0
20005406483	1	1072	600000006
20008146705	0	524	600000001	600000003	600000005
20008146705	0	2	600000003
20008146705	0	29	600000001	600000005
20008146705	0	84	600000003	600000005	600000008
20008146705	1	461	600000003	600000005
20013571338	0	8	600000001
20013571338	1	450	600000001	600000006
20013571338	0	30	600000006
26409353801	1	647	0
25446878001	0	98	600000001
25446878001	0	45	600000001	600000006
25446878001	0	10	600000001	600000003	600000006
25446878001	0	31	600000001	600000006	600000008
25446878001	0	601	600000006
25446878001	0	26	600000006	600000008
25446878001	1	534	600000003	600000006
26460448902	1	607	0
26426229701	1	729	0
26371337501	1	730	0
20016130101	0	48	600000001
20016130101	1	409	600000001	600000005
26432038601	1	609	0
26382084601	1	304	0
20002500341	0	33	600000001	600000003
20002500341	0	264	600000003
20002500341	0	135	0
20002500341	1	73	600000001	600000003	600000006
20002500341	0	47	600000006
25439894301	1	1065	0
839485901	1	730	0
246930801	0	78	0
246930801	0	27	600000006
246930801	1	446	600000005	600000006
26151979601	1	426	0
25431766601	1	855	600000003
25431766601	0	23	0
25431766601	0	38	600000003	600000006
20016740879	1	1096	600000006
26477987901	1	730	0
26461384101	1	334	0
20002784898	2	212	600000006
26535436601	0	37	600000001
26535436601	0	117	600000003
26535436601	1	267	0
26535436601	0	71	600000001	600000006
26535436601	0	185	600000006
26535436601	0	58	600000003	600000006
25446986401	2	1339	0
26370135001	1	730	0
26233102001	0	253	0
26233102001	1	356	600000006
20018305612	1	61	0
25066445402	1	1036	0
20013292358	2	610	600000008
25069183202	1	975	0
20002520502	0	4	600000005
20002520502	0	148	600000001
20002520502	0	3	600000001	600000005
20002520502	1	64	600000001	600000006
20002520502	0	59	600000001	600000005	600000009
20002520502	0	22	600000006
20002520502	0	31	600000001	600000005	600000006
20002520502	0	15	600000005	600000006
20002520502	0	56	0
20002520502	0	32	600000008
25432483402	1	1247	0
20008106483	0	21	600000004
20008106483	1	434	600000005
20008106483	0	187	600000004	600000005
26430747501	1	729	0
54755301	1	197	0
54755301	1	47	600000008
54755301	0	123	600000006	600000008
25439220801	0	825	600000001
25439220801	1	392	0
20002658162	1	175	600000005
20002658162	0	39	0
20019117437	0	37	600000001
20019117437	0	32	0
20019117437	1	146	600000010
26508756802	0	137	600000006	600000010
26508756802	1	441	600000010
25038672301	1	573	0
26520484101	0	31	600000004
26520484101	0	13	600000003	600000004
26520484101	1	123	600000001	600000003
26520484101	0	392	600000001
26520484101	0	175	600000001	600000004
25433694401	0	1030	600000004
25433694401	0	161	0
25433694401	1	88	600000010
26428353701	1	698	0
25444699801	0	274	0
25444699801	1	1066	600000006
25038454602	1	293	0
25038454602	0	93	600000006
25038454602	0	42	600000003	600000006
20013890067	0	101	600000005
20013890067	0	21	600000005	600000006	600000007
20013890067	0	355	600000003	600000005	600000006
20013890067	1	346	600000003	600000005
20013890067	0	10	600000005	600000006
20013890067	0	125	600000003	600000005	600000006	600000007
20013890067	0	52	600000005	600000007
20013890067	0	34	600000003
20013890067	0	60	600000003	600000005	600000007
26516253501	0	14	600000009
26516253501	1	168	600000006
25260316802	2	1036	0
20016590796	1	286	600000003
20016590796	0	19	0
25430595701	0	31	600000006	600000010
25430595701	0	4	0
25430595701	9	1145	600000010
25430595701	0	9	600000006
25431122201	1	486	0
20015800654	0	579	600000005
20015800654	0	239	600000001	600000005
20015800654	1	68	600000003	600000005
20015800654	0	213	600000005	600000009
26417564002	1	729	0
20008480887	0	605	600000005
20008480887	1	127	0
25438044701	0	7	600000001
25438044701	1	94	600000001	600000006
25438044701	0	61	0
25438044701	1	267	600000006
25054174101	1	1036	0
20003975662	0	175	600000005
20003975662	0	70	600000001	600000003
20003975662	1	530	600000001
20003975662	0	187	600000001	600000005
20003975662	0	30	600000008
20003975662	0	67	600000001	600000008
20003975662	0	43	600000005	600000008
26402802002	0	387	600000003
26402802002	0	52	0
26402802002	0	9	600000006
26402802002	1	254	600000003	600000006
25431924201	2	730	600000006
20010389947	1	52	600000001	600000003
20010389947	0	849	600000003
20010389947	0	3	600000001
20010389947	0	11	0
25433296501	1	1339	0
26563841301	2	365	0
26233528301	1	273	0
25432320701	1	1064	0
26429163802	1	395	0
20014517046	0	93	600000001	600000009
20014517046	0	36	600000005
20014517046	0	424	600000001
20014517046	0	181	600000001	600000003
20014517046	0	66	600000001	600000005
20014517046	1	79	600000001	600000008
20014517046	0	223	600000008
26541068701	1	730	600000003
26368155401	1	730	0
25259739701	0	17	600000005
25259739701	0	45	600000009
25259739701	1	154	0
26429219902	1	729	0
25433647501	1	578	0
25046224702	2	761	0
20018096810	0	162	600000001
20018096810	0	538	600000001	600000006
20018096810	4	398	600000006
26424439101	1	729	0
26417787402	1	729	0
26231841202	1	92	0
20017489264	0	9	600000004
20017489264	0	62	600000004	600000006	600000009
20017489264	0	30	600000001	600000004	600000006
20017489264	0	18	600000004	600000006
20017489264	0	15	600000004	600000009
20017489264	0	336	600000001	600000004	600000006	600000009
20017489264	1	447	600000001	600000004	600000006	600000010
25056148801	0	577	600000005
25056148801	1	460	0
25063322401	1	1036	0
25060896401	1	673	600000001
25060896401	0	157	600000008
25060896401	0	47	600000006
25060896401	0	72	600000006	600000008
20014447839	0	165	600000001	600000006
20014447839	1	18	600000006
26367347301	1	730	0
25435116401	1	1339	0
25434549702	1	152	0
25063523501	1	859	0
26414902202	2	729	0
25070089801	0	5	600000005
25070089801	1	15	0
25070089801	0	14	600000001	600000006
25070089801	0	25	600000001	600000005
25070089801	0	329	600000005	600000006
25070089801	0	74	600000001	600000005	600000006
26483716801	1	90	0
20017112683	1	49	600000001
20017112683	0	527	600000001	600000006
20017112683	0	4	600000006
20006464992	0	76	600000005
20006464992	1	442	600000004	600000006
25436038202	1	729	0
25099206701	1	908	0
26446064001	1	334	0
25434499501	0	911	600000005
25434499501	0	30	600000001	600000006
25434499501	0	18	600000003	600000005
25434499501	1	313	600000006
25434499501	0	41	600000005	600000006
25434499501	0	31	600000001	600000005	600000006
20002820589	0	157	600000001	600000004	600000006
20002820589	1	309	0
20002820589	0	123	600000001	600000006
20002820589	0	53	600000006
26392200102	1	730	0
26438352101	1	637	0
26405521701	1	636	600000001
26405521701	0	66	600000001	600000006
26405521701	0	30	600000001	600000003	600000006
20000012022	0	638	600000005
20000012022	1	367	600000003	600000005
25047705602	1	1036	0
26410968701	1	729	0
20013019725	0	272	600000006	600000010
20013019725	0	509	600000001	600000010
20013019725	0	15	0
20013019725	1	303	600000006
26449012101	1	729	0
20002323243	0	179	600000001	600000005	600000006	600000009
20002323243	0	27	600000001	600000006	600000009
20002323243	1	156	600000001	600000006
20002323243	0	7	600000010
20002323243	1	359	600000006
20002323243	0	171	600000001	600000005	600000006
20002323243	0	79	600000009	600000010
20002323243	0	105	600000006	600000010
20002323243	0	21	0
26546236101	0	446	600000001
26546236101	0	16	600000003
26546236101	1	141	600000001	600000005
26546236101	0	130	600000001	600000006
26585962701	1	130	0
26585962701	0	116	600000006
26465781801	0	258	600000001
26465781801	0	61	600000001	600000006
26465781801	0	141	0
26465781801	1	151	600000006
26429664401	1	334	0
26458873502	1	160	600000003
26458873502	0	320	600000001
26458873502	0	252	0
20017719796	0	768	600000003
20017719796	1	329	600000010
20004584894	0	55	600000005
20004584894	0	20	600000008
20004584894	1	1023	600000005	600000008
26532407501	0	110	600000001	600000004	600000006
26532407501	0	2	600000001
26532407501	1	212	600000001	600000006
26532407501	0	13	600000006
20007199281	1	516	600000006
20007199281	0	581	600000003	600000006
26401345002	0	16	600000005
26401345002	0	30	600000001
26401345002	2	81	0
26401345002	0	300	600000001	600000005
25059120801	1	365	0
25080815202	1	1036	0
26379996501	2	457	0
25433181201	0	24	600000006	600000010
25433181201	3	493	600000001
25433181201	1	409	600000001	600000006
25433181201	0	173	600000006
26379963401	1	668	0
26405629901	0	392	600000001
26405629901	1	32	0
26405629901	0	94	600000006
20005208992	0	35	600000001	600000006
20005208992	1	163	0
20005208992	0	625	600000001	600000006	600000008
20001876852	1	823	600000001
25436818601	0	168	600000005
25436818601	1	623	0
25077324904	1	1036	0
26484780301	1	334	0
26444338701	1	729	0
20007481251	0	253	600000001	600000003
20007481251	2	808	600000001
20007481251	0	37	0
26234230001	1	577	0
20004013553	1	362	600000005
20004013553	0	4	0
20009362316	0	967	600000005
20009362316	0	4	600000003
20009362316	0	24	600000003	600000005
20009362316	1	61	600000006
20009362316	0	40	600000003	600000006
20009362316	0	5	600000005	600000006
20015637729	0	135	0
20015637729	1	619	600000010
20015637729	0	127	600000005	600000010
20015637729	0	218	600000008	600000010
26477190404	1	581	600000005
26477190404	0	32	0
26477190404	0	109	600000006
26477190404	0	11	600000005	600000006
25437100001	2	1338	0
20011521509	0	108	600000003
20011521509	1	59	600000001
20011521509	1	169	0
26430508401	1	607	0
26402812301	1	334	0
20009853365	0	62	600000001	600000004	600000006
20009853365	0	30	600000001	600000004	600000005	600000006	600000009	600000010
20009853365	2	590	600000001	600000004	600000006	600000010
20009853365	0	83	600000001	600000004	600000006	600000009	600000010
26486559501	1	729	0
25444526901	1	1035	0
26530534101	0	377	600000001
26530534101	0	297	0
26530534101	1	58	600000006
26542231401	1	424	0
20002160188	0	8	600000001	600000010
20002160188	1	381	600000001
20002160188	0	213	600000006
20002160188	0	304	600000003	600000006
20002160188	0	12	600000001	600000003	600000006	600000010
20002160188	0	61	600000003	600000006	600000010
20002160188	0	33	600000003	600000010
20002160188	0	15	600000003
20002160188	0	59	600000006	600000010
20002160188	0	19	600000001	600000006	600000010
25043089901	1	1036	0
20004840081	1	193	600000005
20004840081	0	165	600000001	600000005	600000008
20004840081	0	14	600000001
20004840081	0	225	600000001	600000005
20004840081	0	25	0
20004840081	0	21	600000003	600000005
20004840081	0	155	600000001	600000005	600000006	600000008
25432452401	0	56	600000001	600000004	600000006
25432452401	0	466	600000001
25432452401	0	520	0
25432452401	0	124	600000001	600000006
25432452401	1	177	600000006
25450783901	0	392	600000001	600000006	600000009
25450783901	0	3	0
25450783901	1	944	600000001	600000006
26526331801	1	729	0
20001781473	0	13	600000005
20001781473	0	101	600000001
20001781473	0	10	0
20001781473	0	725	600000001	600000005
20001781473	0	96	600000001	600000006
20001781473	0	103	600000006
20001781473	1	54	600000005	600000006
26518182001	1	729	0
26417966601	1	484	0
25440453201	1	1339	0
20019496863	0	12	600000001
20019496863	0	55	0
20019496863	0	126	600000001	600000006
20019496863	0	59	600000008
20019496863	1	848	600000006
25052641702	2	1036	0
20017604859	1	388	0
20017604859	0	193	600000006
26457690201	0	4	600000005
26457690201	1	387	600000001
26457690201	0	31	600000001	600000005
26457690201	0	219	600000010
26434899501	1	729	0
26428133402	1	729	0
20004469299	0	103	600000007
20004469299	0	185	600000003
20004469299	0	427	600000008
20004469299	1	246	600000006
20004469299	0	34	600000003	600000006
20004469299	0	106	600000005	600000006
26367742702	2	730	0
26365105401	1	730	0
26420520401	1	668	0
20011160546	0	164	600000005
20011160546	1	933	600000001	600000005
26541444801	1	730	0
20004942221	1	577	0
26371470501	1	730	0
20000431884	1	947	600000003
20000431884	0	150	0
25431808301	1	1339	0
26415742201	1	729	0
20009806831	1	304	600000008
26364419201	1	730	0
25392095901	1	852	0
26445228701	1	729	0
26530801401	1	729	0
20003687865	0	2	600000001
20003687865	0	131	600000001	600000005
20003687865	1	325	600000001	600000006
20007039869	1	92	600000001
20006061449	0	160	600000007
20006061449	0	608	600000001
20006061449	1	330	600000006
20011423356	1	275	0
20015514571	0	1017	600000005
20015514571	0	9	0
20015514571	1	42	600000008
20015514571	0	31	600000005	600000008
25448769001	1	1131	0
25448769001	0	172	600000008
25060815001	1	579	0
26358949301	0	33	600000005
26358949301	0	71	600000001
26358949301	1	424	0
26358949301	0	80	600000001	600000006
26358949301	0	125	600000001	600000005
25038821101	1	1036	0
25435748301	0	122	600000001
25435748301	1	287	600000001	600000006
25435748301	0	49	600000006
26394695201	2	607	0
26401153502	0	10	600000003
26401153502	0	58	600000001	600000003
26401153502	0	149	600000001
26401153502	1	41	600000001	600000006
26401153502	0	388	600000006
26401153502	0	89	600000003	600000006
25431234801	1	1339	0
2298502	1	448	0
2298502	0	467	600000006
20007174799	1	96	600000001	600000009
20007174799	0	391	600000001
20008914962	0	316	600000001
20008914962	0	21	600000001	600000006
20008914962	0	128	600000001	600000008
20008914962	1	34	600000001	600000003	600000006
20008914962	0	521	600000006
20008914962	0	74	600000001	600000006	600000008
20008914962	0	8	600000003	600000006
20009630640	2	1096	0
20010234638	0	317	600000001
20010234638	1	140	0
26532101601	1	729	0
20002090667	1	559	600000005
20002090667	0	493	600000001
20002090667	0	46	0
25055917501	1	1036	0
20000386726	0	5	600000003
20000386726	0	84	600000001	600000003
20000386726	0	541	600000001
20000386726	1	224	600000001	600000005
20009310373	0	25	600000001	600000005	600000009
20009310373	0	44	600000004	600000005	600000009	600000010
20009310373	0	50	600000001	600000004	600000009	600000010
20009310373	0	8	600000001	600000004
20009310373	0	21	600000004	600000005	600000009
20009310373	0	481	600000001	600000004	600000005	600000009	600000010
20009310373	1	84	600000001	600000004	600000005	600000009
20009310373	0	26	600000001	600000003	600000004	600000009
20009310373	0	329	600000001	600000005	600000009	600000010
20009310373	0	37	600000003	600000004	600000005	600000009	600000010
26497741802	1	208	0
26497741802	0	66	600000006
20006676751	1	908	600000001
20006676751	0	6	0
20008920180	0	15	600000005
20008920180	0	24	600000003	600000005	600000006
20008920180	0	23	600000001	600000005
20008920180	0	46	600000001	600000005	600000006
20008920180	0	86	600000005	600000006
20008920180	0	135	0
20008920180	1	705	600000001	600000003	600000006
20008920180	0	37	600000005	600000008
25432243602	1	1339	0
20004621538	0	2	600000005
20004621538	2	1095	600000005	600000006
25045441202	1	1017	0
25439245201	1	1339	0
25432249301	1	1338	0
25037223302	0	397	600000003
25037223302	0	430	600000001
25037223302	1	157	0
25037223302	0	31	600000001	600000006
25037223302	0	25	600000006
20004703570	2	420	600000003
20004703570	0	506	600000001
20004703570	0	21	0
20006946934	0	30	600000001	600000003	600000010
20006946934	0	9	600000001
20006946934	0	19	600000001	600000010
20006946934	0	50	600000001	600000006
20006946934	1	903	600000006
20006946934	0	27	600000001	600000006	600000010
20006946934	0	64	600000005	600000006
20019116093	0	255	600000005
20019116093	0	37	600000009
20019116093	1	196	0
26522531402	1	730	600000005
20001984668	1	518	600000003
20012404198	0	472	600000005
20012404198	1	300	600000001
20012404198	0	294	0
20011202948	1	86	600000005
20011202948	0	66	600000001
20011202948	2	177	600000003
20011202948	0	12	0
20011202948	0	28	600000003	600000005
25438889701	1	1215	0
26519783602	0	35	600000005
26519783602	0	16	600000001
26519783602	0	55	600000001	600000006
26519783602	1	475	600000001	600000005
26519783602	0	23	600000001	600000005	600000006
26519783602	0	9	600000005	600000006
26384042301	1	455	0
25033471801	1	1036	0
26421579401	1	698	0
20005179622	1	1095	600000001	600000006
20005179622	0	2	600000006
26375840602	1	730	0
20017957414	0	31	0
20017957414	1	275	600000006
25443457802	0	299	600000005
25443457802	1	915	600000001
25443457802	0	127	600000003	600000006
20015341797	1	497	600000003
20015341797	0	7	600000006
20015341797	0	198	600000003	600000006
20016715248	1	1001	0
25442273602	1	56	600000005
25442273602	0	3	0
25442273602	1	561	600000006
25442273602	0	479	600000005	600000006
26524604301	1	576	0
20001366457	1	53	600000001	600000005	600000006	600000009
20001366457	0	378	600000003
20001366457	0	101	600000001	600000006
20001366457	0	80	600000003	600000005
25063264001	1	1036	0
26494422501	0	19	600000005
26494422501	1	712	600000001	600000005
20007682878	0	36	600000005
20007682878	0	662	600000005	600000006	600000007
20007682878	0	30	600000005	600000007
20007682878	1	52	600000003	600000005	600000006
20007682878	0	10	600000006
20007682878	0	7	600000005	600000006
25431227402	1	156	600000001	600000006
25431227402	0	1132	600000006
25431227402	0	53	600000005	600000006
26367602401	1	59	0
26384005501	1	167	600000005
26384005501	0	8	0
26384005501	0	221	600000006
26384005501	0	337	600000005	600000006
20015774229	0	31	600000006	600000010
20015774229	0	9	600000010
20015774229	1	174	600000006
25039040001	1	1036	0
26473939102	1	730	0
20008678531	0	308	600000001
20008678531	0	21	0
20008678531	1	555	600000006
26379154801	1	546	0
20010185513	1	579	600000006
26464530101	0	10	600000003
26464530101	0	26	0
26464530101	1	604	600000003	600000005
26380867402	1	181	0
26395382101	2	515	0
25024365901	1	1036	0
26384012701	1	730	0
20005989536	1	485	600000005
20005989536	0	14	600000001
20005989536	0	50	600000001	600000010
20005989536	0	55	600000001	600000006
20005989536	0	140	600000001	600000005	600000006
20005989536	1	41	600000005	600000006
20005989536	0	69	600000005	600000006	600000010
20005989536	0	108	600000001	600000005	600000006	600000010
20005989536	0	75	600000005	600000010
20005989536	0	37	600000001	600000006	600000010
25430543901	1	1307	0
26525461901	0	109	600000004	600000005	600000008
26525461901	1	351	600000005	600000006	600000008
26525461901	0	106	600000006	600000008
26525461901	0	167	600000005	600000008
26383236301	1	729	0
20000869578	1	418	600000005
20000869578	0	41	0
20000869578	0	10	600000008
20000869578	0	264	600000006
20000869578	0	154	600000006	600000008
20013397588	0	366	0
20013397588	1	457	600000006
25053884402	1	526	0
26495000901	1	131	0
26495000901	0	374	600000006
26578762601	1	275	600000006
26519507701	1	607	0
26476463703	1	730	0
20002294136	0	204	600000001
20002294136	0	2	0
20002294136	0	254	600000001	600000005
20002294136	1	182	600000006
20001391822	0	28	600000001
20001391822	1	102	0
20001391822	0	11	600000001	600000006	600000009
20001391822	0	383	600000001	600000006
20001391822	0	27	600000006
26477480502	2	729	0
20005636219	0	10	600000001
20005636219	1	91	600000001	600000006
20005636219	0	142	600000006
25065743002	1	1036	0
25455225701	0	2	600000008	600000009
25455225701	0	8	600000009
25455225701	0	97	600000001	600000006
25455225701	1	127	600000006
25455225701	0	31	600000001	600000006	600000008
25455225701	0	14	600000006	600000008	600000009
25264471301	1	513	600000001
25264471301	0	402	0
25432077801	2	883	600000001
25432077801	0	135	600000001	600000008
25432077801	0	244	600000008
25432077801	0	80	600000010
20002831995	0	30	600000001	600000003	600000005
20002831995	0	97	600000005
20002831995	0	15	600000001
20002831995	0	197	600000001	600000003
20002831995	1	651	600000001	600000005
20002831995	0	32	600000001	600000008
20002831995	0	80	600000001	600000005	600000006
25386593901	0	344	0
25386593901	1	448	600000006
26467974301	1	457	0
20002595021	1	254	600000009
20002595021	0	139	600000006
20002595021	0	60	600000005	600000006
20002595021	0	281	600000001	600000005	600000006
20018402154	1	498	600000005
20018402154	0	35	0
20018402154	0	473	600000005	600000006
26233828501	1	274	0
1703803	1	531	600000001
1703803	0	19	0
25437033801	1	1339	0
26358092802	0	7	600000001
26358092802	0	13	600000001	600000005
26358092802	0	227	600000001	600000006
26358092802	1	334	0
26358092802	0	48	600000001	600000006	600000007
26358092802	0	15	600000001	600000005	600000009
26402673701	0	125	600000001	600000003
26402673701	1	549	600000001
26402673701	0	2	0
26402673701	0	57	600000001	600000006
20013358982	1	184	600000003
20013358982	0	333	600000006
20013358982	0	63	600000003	600000006
25925957001	1	272	600000005
25925957001	0	45	600000003
25925957001	0	80	0
20019532474	1	700	600000006
20011706791	0	273	600000005
20011706791	1	428	0
25434072401	0	712	600000001
25434072401	0	356	0
25434072401	1	31	600000001	600000006
25434072401	0	31	600000001	600000008
25434072401	0	192	600000008
25434072401	0	22	600000006
25263586401	1	1036	0
25447553201	0	300	600000001
25447553201	0	113	0
25447553201	4	773	600000008
25447553201	0	156	600000010
26490854601	1	729	0
20016162869	0	659	600000001
20016162869	0	2	0
20016162869	1	269	600000001	600000006
20016162869	0	140	600000006
20016162869	0	30	600000003	600000006
25297695801	1	607	600000001	600000006
25297695801	0	4	0
25038507801	0	941	600000005
25038507801	1	96	0
26404204102	1	94	600000001
26404204102	0	38	600000003	600000010
26404204102	0	184	600000001	600000010
26404204102	0	156	0
26404204102	0	262	600000010
26490320001	0	4	0
26490320001	0	209	600000006
26490320001	1	519	600000005	600000006
25103968702	0	166	600000005
25103968702	1	80	0
26403083102	0	3	600000001	600000006
26403083102	0	128	0
26403083102	0	499	600000006
26403083102	0	13	600000005	600000006
26403083102	1	91	600000001	600000005	600000006
26384162201	1	730	0
20018427303	1	348	600000001
20018427303	0	570	600000001	600000006
20018427303	0	74	0
20018427303	0	107	600000006
20001065964	1	94	600000001
20001065964	0	223	600000001	600000006
20001065964	0	673	600000001	600000005
20001065964	0	48	600000005	600000006
20001065964	0	31	600000001	600000005	600000006
25440480802	1	576	600000005
25440480802	0	50	600000003	600000005	600000006	600000010
25440480802	0	33	600000001	600000005
25440480802	0	4	600000003	600000005
25440480802	0	31	600000001	600000005	600000009
25440480802	0	11	600000005	600000009
25440480802	0	42	600000003	600000005	600000010
25440480802	0	14	600000003	600000010
25440480802	0	9	600000003
20009063346	0	262	600000001
20009063346	0	114	0
20009063346	0	560	600000001	600000006
20009063346	0	77	600000001	600000006	600000010
20009063346	1	87	600000006
26399287801	0	286	600000005
26399287801	0	12	0
26399287801	1	434	600000006
26432453801	1	364	0
20013833342	0	16	600000001
20013833342	0	426	0
20013833342	1	301	600000001	600000006
20013833342	0	51	600000006
26431702402	1	486	0
20009880085	0	75	600000001
20009880085	2	837	0
26385679601	0	6	600000001	600000003
26385679601	1	131	600000001
26385679601	0	248	600000001	600000006
26385679601	0	223	0
26385679601	0	48	600000001	600000003	600000006
26385679601	0	79	600000006
20006053309	0	14	600000001
20006053309	0	91	600000001	600000006
20006053309	1	146	600000006
20006053309	0	43	600000001	600000006	600000008
20006053309	0	10	600000006	600000008
20006053309	0	218	600000005	600000006
25044324202	1	627	0
26474647401	1	365	0
26451429101	1	54	600000003	600000010
26451429101	0	49	0
26451429101	0	142	600000010
25432826801	1	974	0
26371338201	1	730	0
20006093374	1	37	600000001
20006093374	0	107	0
20006093374	0	954	600000001	600000006
25041198002	2	1036	0
26533075801	1	151	0
26541541903	2	729	0
26455325601	0	79	600000005
26455325601	0	94	600000001	600000003	600000005
26455325601	1	35	600000001
26455325601	0	189	600000001	600000005
26455325601	0	184	600000005	600000008
26426153301	1	729	0
25431577901	1	1338	0
25054005801	1	1036	0
25428084102	1	1332	600000005
25428084102	0	8	0
25435178501	1	1262	600000006
25435178501	0	78	600000003	600000006
20014061104	1	494	600000005
20014061104	0	34	600000001
20014061104	0	98	600000001	600000006
20014061104	0	473	600000001	600000005
26386362801	1	730	0
20011204075	0	31	600000001	600000009
20011204075	0	643	600000005
20011204075	0	91	600000001
20011204075	1	231	600000009
20011204075	0	73	600000005	600000009
26374836802	1	516	0
20012710867	0	33	600000003	600000006	600000008
20012710867	0	106	600000001
20012710867	0	3	600000001	600000008
20012710867	0	524	600000006
20012710867	1	178	600000005	600000006
20012710867	0	35	600000001	600000007	600000008
20012710867	0	158	600000003	600000006
20012710867	0	12	600000003	600000008
20012710867	0	55	600000006	600000008
20001417739	0	27	600000001
20001417739	0	181	0
20001417739	1	158	600000001	600000006
25046230701	1	1036	0
26441879501	1	424	0
357196801	1	287	600000005
357196801	0	55	600000005	600000006	600000009
357196801	0	81	600000003
357196801	0	11	0
357196801	0	119	600000005	600000006
20008909560	0	23	600000003	600000006	600000008
20008909560	0	200	600000001
20008909560	1	299	600000008
20008909560	0	30	600000001	600000006	600000008
20008909560	0	398	600000006	600000008
20008909560	0	31	600000001	600000003	600000006	600000008
26420763001	1	454	0
25435163402	2	1053	600000009
25435163402	0	287	0
20015545407	1	145	600000005
20015545407	0	695	600000009
20015545407	0	44	600000005	600000009
25437331601	1	730	0
26422122201	1	729	0
20003495736	1	819	600000005
20003495736	0	246	0
20011116306	0	23	0
20011116306	0	236	600000006
20011116306	1	78	600000003	600000006
263801	1	283	600000005
263801	0	53	0
20001775478	0	240	600000001	600000009
20001775478	0	66	600000001	600000003
20001775478	0	6	600000003
20001775478	1	143	0
20001775478	0	219	600000009
26368965901	1	723	0
26234390701	1	334	0
26546865301	1	486	0
26420944501	1	729	0
20018256144	0	69	600000001
20018256144	1	31	600000001	600000006
20018256144	0	125	600000001	600000005
20018256144	0	3	0
20018256144	0	72	600000005	600000009
20018256144	0	23	600000006
20018256144	0	79	600000005	600000006
20013275817	1	182	600000005
20013275817	0	51	0
20013275817	0	194	600000008
20004076323	1	85	600000004	600000005	600000008	600000009
20004076323	0	31	600000004	600000005	600000008
20004076323	0	31	600000005
20004076323	0	115	0
20004076323	0	22	600000005	600000008	600000009
20004076323	0	117	600000005	600000008
25443213201	1	1339	0
20014010302	0	56	600000001
20014010302	0	561	0
20014010302	1	177	600000006
20008882514	1	456	600000001
26371848401	1	730	0
20007520834	1	519	0
25431336201	3	1339	0
25022721702	1	1036	0
20012726632	0	786	600000001	600000009
20012726632	1	49	600000001	600000006
20012726632	0	31	600000001	600000006	600000009
20012726632	0	13	0
20012726632	0	221	600000006
25058925404	1	1036	0
26490525802	0	271	600000003
26490525802	1	307	0
20008423391	1	124	600000001
20008423391	0	261	600000001	600000005
20008423391	1	164	0
20008423391	0	10	600000008
20008423391	0	176	600000001	600000008
26446830501	0	43	600000001
26446830501	1	413	0
25036725401	1	1036	0
26516250001	1	511	600000001	600000010
26516250001	0	69	600000010
20010223468	0	733	600000001
20010223468	1	364	600000001	600000006
20002073182	0	584	600000005
20002073182	0	99	0
20002073182	1	415	600000006
20007277389	0	149	600000005
20007277389	0	458	600000005	600000006	600000008
20007277389	0	93	600000004	600000005	600000006
20007277389	0	28	600000006
20007277389	0	180	600000006	600000008
20007277389	0	30	600000005	600000006
20007277389	1	164	600000001	600000005	600000006
25438596101	1	1339	0
20018337322	0	74	600000004	600000006	600000009
20018337322	1	119	600000004	600000006
20018337322	0	85	600000001	600000004	600000006
20018337322	0	67	600000003	600000005	600000009
20018337322	0	276	600000006
20018337322	0	3	600000005	600000009
20018337322	0	58	600000003	600000006
20018337322	0	87	600000004
20018337322	0	123	600000003	600000006	600000009
20018337322	0	35	600000005	600000006	600000009
20018337322	0	78	600000006	600000009
20018337322	0	71	600000004	600000005	600000006
20010029438	0	166	600000005
20010029438	0	171	600000001	600000009
20010029438	1	233	600000001
20010029438	0	33	600000009
20010029438	0	33	600000001	600000005
20010029438	0	94	600000001	600000006
20010029438	0	46	600000001	600000008
20010029438	1	77	600000006
20010029438	1	90	600000001	600000005	600000008
20010029438	0	61	0
20010029438	0	40	600000005	600000008
26349910101	1	730	0
20002370787	0	31	600000001	600000004	600000005	600000010
20002370787	0	86	600000001	600000009
20002370787	1	150	600000001	600000004	600000010
20002370787	0	285	600000001
20002370787	0	238	600000001	600000005
20002370787	0	149	600000001	600000006
20002370787	0	41	600000001	600000005	600000006
20002370787	0	57	600000001	600000005	600000010
20002370787	0	31	600000001	600000005	600000006	600000010
20002370787	0	15	600000003
20002370787	0	23	600000001	600000006	600000010
120912501	0	56	600000007
120912501	1	63	600000006	600000009
120912501	0	486	600000006	600000007
120912501	0	250	600000006
25435062702	1	644	600000005
25435062702	0	696	0
26382248301	1	723	600000003
26382248301	0	8	0
26410140501	1	698	0
20005988995	1	94	0
20005988995	0	393	600000010
26563725801	1	275	0
20001508754	0	262	600000003
20001508754	1	317	0
26380284601	0	55	600000001
26380284601	1	675	0
20018712459	0	86	600000001
20018712459	1	85	0
20018712459	0	409	600000006
26513116801	0	318	600000003
26513116801	1	321	0
26414786302	1	698	0
26231989601	1	518	0
25446172101	0	45	600000001
25446172101	1	778	0
26439176002	1	729	0
26417097501	1	484	0
25443353802	0	1168	600000001
25443353802	0	10	0
25443353802	1	163	600000001	600000004
20007858571	1	884	600000006
26439323001	0	213	600000005
26439323001	0	125	600000003	600000005	600000006
26439323001	1	90	600000005	600000006
25436561501	1	668	0
25437471601	1	943	0
20017062000	0	86	600000005
20017062000	1	440	0
20017062000	0	207	600000006
20017262767	1	164	600000001
20017262767	1	723	600000001	600000006
20017262767	0	207	600000001	600000006	600000008
20017262767	0	5	600000006
20011784290	0	397	600000001	600000010
20011784290	0	187	600000001
20011784290	0	451	0
20011784290	1	64	600000010
20005219824	1	460	600000001
20005219824	0	48	0
20005219824	0	590	600000006
20005614334	0	297	600000001
20005614334	0	13	600000001	600000005
20005614334	1	640	600000001	600000006
20005614334	0	3	600000006
20005614334	0	147	600000001	600000005	600000006
25453530801	1	300	600000005
25453530801	0	6	0
20009749719	1	120	600000001	600000009
20009749719	0	454	600000001
20009749719	0	174	0
20009749719	0	181	600000009
20009749719	0	58	600000001	600000005
20009749719	0	21	600000001	600000005	600000009
26381571501	1	730	0
20008310317	0	815	600000001
20008310317	1	221	0
25042302701	1	1036	0
25435083502	1	1339	0
25437127202	2	953	600000001
25437127202	0	209	600000001	600000006
25437127202	0	179	600000006
20006141592	1	176	600000003
20006141592	0	798	600000001
20006141592	1	124	600000006
48178501	0	132	600000001	600000005	600000010
48178501	1	618	600000005
48178501	0	57	600000001
48178501	0	79	600000001	600000006
26500464001	1	729	0
26382586901	1	729	0
25038477402	1	1032	0
26426445705	3	607	0
20017343631	1	564	600000005
20017343631	0	199	0
20013570635	0	5	600000001
20013570635	0	69	600000001	600000005
20013570635	1	236	0
20013570635	0	506	600000001	600000006
20013570635	0	228	600000006
20013570635	0	57	600000001	600000005	600000006
25438412801	1	1339	0
26401938701	0	189	600000001
26401938701	0	255	600000003
26401938701	2	166	0
25046408301	1	337	0
25436592001	1	1338	0
25059355902	1	640	0
26527492401	1	730	0
25059865201	1	1036	0
20000161906	0	9	600000001
20000161906	0	10	600000001	600000006
20000161906	0	51	0
20000161906	1	287	600000001	600000008
20000161906	0	33	600000006
20000161906	0	254	600000005	600000006
25053955801	1	1036	0
20018003753	1	287	600000001	600000005	600000006	600000010
20018003753	0	17	600000001
20018003753	0	51	600000001	600000006
20018003753	0	284	600000001	600000003	600000005	600000006
20018003753	0	461	600000001	600000005	600000006
20000036184	0	795	0
20000036184	1	302	600000006
26421500501	2	729	0
25058832402	1	1036	0
25436411304	0	280	600000001
25436411304	0	49	600000001	600000006
25436411304	1	38	600000001	600000003	600000006
26403749401	1	455	0
26493288901	1	730	0
26386452301	0	123	600000005
26386452301	1	608	600000001
25038852001	1	1005	0
26401473901	1	730	600000006
243909803	1	52	0
243909803	0	498	600000006
26530623501	1	729	0
20015127551	1	366	0
26431734001	1	306	0
26427500601	1	728	0
20018259435	1	142	600000001
20018259435	0	75	600000003
20018259435	1	163	600000001	600000003
20018259435	0	79	0
25060283701	1	1036	0
20015817420	1	245	0
25449646101	1	239	600000006	600000009
25449646101	0	22	0
25449646101	0	57	600000009
25449646101	0	912	600000006
26459273601	0	14	600000003
26459273601	0	71	0
26459273601	1	341	600000006
25049898301	1	1036	0
26420381601	1	729	0
25431052101	1	1127	600000006
20008663717	0	299	600000001
20008663717	0	32	0
20008663717	1	248	600000001	600000006
20016903961	1	334	600000001	600000005
26390016701	0	18	600000003
26390016701	0	5	0
26390016701	1	709	600000010
20019697880	0	165	600000003
20019697880	1	347	600000001
20019697880	0	60	0
20019697880	0	131	600000001	600000005
26541501001	0	36	600000005
26541501001	0	34	600000001
26541501001	0	61	600000001	600000005
26541501001	1	84	0
25047967802	1	759	600000003
25047967802	0	158	600000006
25047967802	0	121	600000003	600000006
52811004	1	396	0
25040814701	1	865	0
20016753534	1	273	0
20011378878	0	143	600000001
20011378878	1	943	600000001	600000006
20011378878	0	12	600000001	600000003	600000006
20008103520	1	973	0
20007194218	1	543	600000006
20007194218	0	279	600000003	600000006
20017381762	0	243	600000005
20017381762	0	171	600000001
20017381762	0	67	0
20017381762	0	67	600000001	600000006
20017381762	1	309	600000008
26500894401	1	426	600000005
20015020755	1	90	600000001
20015020755	1	64	0
25041172601	1	1036	0
26421381401	1	668	0
20019373218	0	107	600000003	600000006	600000008
20019373218	0	194	600000005
20019373218	0	16	600000001	600000008	600000009
20019373218	0	192	600000001	600000008
20019373218	0	106	600000001	600000006	600000008
20019373218	0	164	600000006
20019373218	1	57	600000001	600000005	600000006	600000008
20019373218	0	100	600000008
20019373218	0	137	600000006	600000008
26426453701	1	484	0
25045703001	1	1036	0
26366790301	1	730	0
25052937501	1	1036	0
757142602	1	325	0
757142602	0	225	600000006
20002892782	1	306	0
26540317402	0	207	600000001
26540317402	0	31	600000001	600000006
26540317402	0	255	0
26540317402	1	240	600000006
20013931364	0	190	600000005
20013931364	1	141	600000001	600000005	600000010
20013931364	0	3	600000001
20013931364	0	334	600000001	600000005
20013931364	0	6	600000005	600000010
25443138801	1	773	600000001
25443138801	0	166	0
25443138801	0	159	600000006
25059674701	1	1036	0
20003643778	0	320	600000005
20003643778	1	655	600000005	600000009
20008875630	0	490	0
20008875630	1	483	600000006
26372066601	1	730	0
25442410901	1	974	0
26475228801	1	390	600000001
26475228801	0	112	600000001	600000006
26475228801	0	110	600000006
25044177801	1	145	600000003
25044177801	0	147	600000003	600000007
25044177801	1	654	0
20016297751	0	26	600000005
20016297751	0	52	600000009
20016297751	0	5	600000005	600000006	600000008
20016297751	0	58	600000005	600000009
20016297751	1	583	600000003	600000005	600000006	600000008	600000009
20016297751	0	50	600000005	600000006	600000009
20016297751	0	5	600000003	600000005	600000006	600000009
20016297751	0	57	0
20016297751	0	38	600000008
20016297751	0	160	600000005	600000006	600000008	600000009
20016297751	0	11	600000005	600000008
20001818796	0	325	600000005
20001818796	0	11	600000001
20001818796	1	762	600000001	600000005
25091558902	2	1036	0
20018075500	1	251	600000005
20018075500	0	481	600000003	600000005
20013505789	0	248	600000005
20013505789	0	136	600000001
20013505789	0	72	600000001	600000006
20013505789	1	536	600000006
20013505789	0	108	600000005	600000006
26440884801	0	674	600000005
26440884801	1	57	0
20017317938	0	11	600000001
20017317938	0	74	600000001	600000006
20017317938	1	313	600000006
26397621502	1	273	0
26364789801	1	730	0
26418785001	1	729	0
20013836224	0	350	600000001
20013836224	1	17	0
20013116198	0	55	600000001
20013116198	1	160	600000001	600000006
20013116198	0	413	600000001	600000005
20013116198	0	19	600000006
20013116198	0	42	600000005	600000006
20013116198	0	261	600000001	600000005	600000006
25430558001	0	44	600000001	600000005	600000010
25430558001	0	100	600000005
25430558001	0	72	600000001	600000010
25430558001	1	189	0
25430558001	0	363	600000010
25430558001	0	27	600000005	600000010
26419631302	1	545	0
20011123947	0	61	600000003	600000006	600000009
20011123947	0	263	600000006	600000009
20011123947	0	222	0
20011123947	0	233	600000006
20011123947	1	289	600000003	600000006
26362982702	1	730	0
25453311701	1	116	600000001	600000004	600000006
25453311701	0	3	600000001	600000006
25453311701	0	159	0
25453311701	0	60	600000001	600000004	600000006	600000008
25059293001	1	1036	0
26420039302	1	729	0
26539070402	1	730	0
20001160136	0	296	600000001	600000003
20001160136	1	467	600000001
25443715802	0	31	600000001	600000003
25443715802	0	102	600000003
25443715802	1	744	600000001
25443715802	0	69	0
25063298801	1	761	0
20006709038	0	26	600000001
20006709038	0	14	0
20006709038	1	235	600000001	600000006
20006709038	0	207	600000006
20006709038	0	8	600000005	600000006
20008174441	0	5	600000005
20008174441	0	681	600000001
20008174441	0	23	0
20008174441	1	107	600000006
20008174441	0	104	600000003	600000006
20008174441	0	181	600000005	600000006
25437530002	0	79	0
25437530002	3	1261	600000010
26447448501	1	699	0
20017292338	1	201	600000001	600000005	600000010
20017292338	0	88	600000001	600000003
20017292338	0	489	600000001
20017292338	0	321	600000001	600000010
20005786175	0	28	0
20005786175	1	633	600000001	600000006
20005786175	0	345	600000006
26483487302	2	730	0
26554859401	0	280	600000005
26554859401	0	42	600000003
26554859401	0	31	0
26554859401	0	53	600000003	600000005
26554859401	0	61	600000006
26554859401	1	41	600000005	600000006
26421379501	1	729	0
25441994001	0	294	600000001
25441994001	1	826	600000001	600000006
25441994001	0	221	600000006
26385737801	1	153	600000005
26385737801	0	578	600000008
26366582901	1	730	0
20017569635	1	84	600000001
20017569635	0	233	600000001	600000010
20017569635	0	212	0
20017569635	0	570	600000010
25433926001	1	710	600000004
25433926001	0	21	0
20002078037	0	36	600000001
20002078037	0	34	600000006	600000010
20002078037	0	375	600000001	600000006
20002078037	0	281	600000006	600000008	600000010
20002078037	1	22	600000006
20002078037	0	230	600000005	600000006	600000008	600000010
20001071866	0	217	600000005
20001071866	0	2	600000001	600000010
20001071866	0	96	600000001
20001071866	0	176	600000001	600000005
20001071866	0	51	600000005	600000008	600000010
20001071866	0	45	600000006
20001071866	2	339	600000001	600000005	600000010
20001071866	0	104	600000001	600000005	600000006	600000010
20001071866	0	53	600000005	600000010
20001071866	0	22	600000005	600000008
20004132618	0	20	600000003	600000004	600000005	600000006
20004132618	0	16	600000006
20004132618	0	67	600000001	600000003	600000004	600000005	600000006
20004132618	0	5	600000003	600000004	600000006
20004132618	0	24	600000001	600000003	600000004	600000006
20004132618	0	75	600000003	600000004	600000005	600000006	600000010
20004132618	0	31	600000003	600000004	600000006	600000010
20004132618	1	376	600000004	600000005	600000006	600000010
25059600002	1	967	0
20014231048	0	7	600000006	600000010
20014231048	0	78	600000001	600000003	600000005	600000006	600000007	600000010
20014231048	1	253	600000001	600000005	600000006	600000007	600000010
20014231048	0	23	600000001	600000006	600000010
20014231048	0	3	600000005	600000006	600000010
20014231048	0	6	600000005	600000006	600000007	600000010
26515042401	1	730	600000006
20002474297	0	465	600000001
20002474297	2	175	0
20011234454	0	15	600000001
20011234454	0	4	600000001	600000010
20011234454	0	745	600000001	600000006
20011234454	0	48	600000006
20011234454	1	288	600000001	600000006	600000010
20007961647	0	59	600000001
20007961647	0	35	0
20007961647	1	394	600000006
25434175701	1	1338	0
26374631701	1	730	0
20003959852	0	237	600000003
20003959852	1	31	600000003	600000005
20003959852	0	642	600000006
20003959852	0	189	600000003	600000006
25093936302	0	208	600000005
25093936302	1	686	600000001
25093936302	0	22	0
26406041901	0	415	600000005
26406041901	1	41	0
20001569145	0	87	0
20001569145	2	548	600000001	600000006
20001569145	1	110	600000001	600000003	600000006
20001569145	0	249	600000006
20001569145	0	13	600000003	600000006
26378895804	0	540	600000003
26378895804	1	181	600000001
26378895804	0	11	0
26467815402	2	730	0
20009433595	1	334	600000007
20013168512	1	11	600000005
20013168512	0	99	600000001	600000005	600000006	600000009
20013168512	0	77	0
20013168512	0	44	600000001	600000005
20013168512	0	169	600000001	600000005	600000006
26365029601	1	730	0
25427689501	0	2	0
25427689501	1	734	600000001	600000006
25427689501	0	53	600000006
20008815262	0	261	600000005
20008815262	0	61	600000001	600000010
20008815262	0	378	600000001
20008815262	0	122	600000001	600000005
20008815262	0	31	600000001	600000005	600000010
20008815262	0	15	600000001	600000005	600000006	600000010
20008815262	0	32	0
20008815262	2	141	600000001	600000006	600000010
25060513101	5	1036	0
25048464801	1	834	0
25446788001	1	1338	0
20018265722	1	943	0
26392928902	1	730	0
26423729101	1	484	0
26376617802	1	730	0
20000696554	0	845	600000001
20000696554	1	252	600000005	600000006
25428145301	1	459	0
25428145301	0	104	600000009
25428145301	0	76	600000006
26417381401	1	515	0
25059014301	1	969	0
25060856902	1	671	0
20003130752	1	208	600000001
20003130752	0	526	600000001	600000006
20003130752	0	305	600000006
26392277001	1	637	0
25059443102	1	1036	0
26490209402	2	424	0
26572344601	0	9	600000005
26572344601	0	7	600000005	600000006	600000008
26572344601	0	53	600000001	600000006	600000008
26572344601	0	9	600000006
26572344601	1	17	600000005	600000006
26572344601	0	210	600000001	600000005	600000006	600000008
26572344601	0	7	600000005	600000008
20010980980	0	28	600000005
20010980980	1	207	600000003
20010980980	0	102	600000003	600000005	600000006
20010980980	0	19	0
20010980980	0	81	600000003	600000005
20010980980	0	25	600000005	600000006
20008146492	0	95	600000005
20008146492	0	30	600000001	600000003	600000005
20008146492	0	15	600000001
20008146492	0	20	600000001	600000005
20008146492	0	16	600000003	600000005
20008146492	0	675	600000001	600000005	600000009
20008146492	1	206	600000001	600000005	600000008
20008146492	0	46	600000005	600000008
25023622901	2	1036	0
25054067601	1	1036	0
25440247101	1	1339	0
