PID	EVT	OFFS	D1	D2	D3	D4
25057638101	1	1036	0
26450155801	1	729	0
26376134601	1	730	0
20009638294	0	387	600000003
20009638294	1	710	0
26430389305	1	729	0
20006873677	1	701	600000005
20006873677	0	365	0
25433935704	1	1186	0
25442610301	0	99	600000003
25442610301	1	1241	0
26427325702	1	729	0
25440385802	1	867	600000007
25440385802	0	289	0
30026101	0	402	600000005
30026101	0	42	600000001
30026101	0	31	600000001	600000008	600000010
30026101	1	59	600000008
30026101	0	545	600000001	600000008
30026101	0	21	600000008	600000010
247212901	1	549	600000007
26514170402	0	265	0
26514170402	1	313	600000008
584698401	0	12	600000005
584698401	1	44	600000001	600000010
584698401	0	786	600000001
584698401	0	75	0
26438249301	1	232	600000005
26438249301	0	199	600000003
26438249301	0	127	600000006
26438249301	0	175	600000005	600000006
25024611301	1	914	0
26366744502	1	730	0
20000360779	1	600	0
20000360779	0	252	600000010
25044008302	0	45	600000007
25044008302	0	17	600000005
25044008302	1	976	600000005	600000007
26460660202	1	418	600000005
26460660202	0	313	0
26421039601	2	729	0
20015075684	1	1096	600000005
25438049201	1	1155	0
246224101	0	23	0
246224101	1	527	600000006
26383256101	1	729	0
26367372502	1	730	0
20003742108	1	274	0
25431149002	1	1339	0
25083700102	1	1036	0
20016693920	1	1096	0
32182502	0	263	600000005
32182502	0	33	600000001
32182502	0	98	600000003	600000005	600000006
32182502	1	232	600000001	600000010
32182502	0	290	600000001	600000005
32182502	0	3	600000006
32182502	0	182	600000005	600000006
26449783702	1	688	0
26394871402	1	730	0
25430847101	1	639	600000006
26386099801	1	689	600000005
26386099801	0	42	0
20002981181	1	348	0
20002981181	0	292	600000006
649702	1	549	600000001
26593749801	1	324	0
25059602501	1	1036	0
25059512201	1	1036	0
26372917801	1	730	0
243591801	0	393	600000007
243591801	1	151	600000001	600000007
243591801	0	3	600000001
243591801	0	5	0
26364046701	1	730	0
20015875205	1	125	600000001	600000010
20015875205	0	86	600000001	600000003
20015875205	0	347	600000001
20015875205	0	541	600000001	600000005
25067970802	2	895	0
26531936701	1	729	0
20005913949	1	111	600000004
20005913949	0	71	600000009
20012810223	0	128	600000005
20012810223	0	345	600000003	600000005
20012810223	1	240	600000005	600000010
20012810223	0	386	600000005	600000008
26418364702	1	729	0
25437541901	0	916	0
25437541901	1	424	600000010
20017890574	0	17	600000001	600000006
20017890574	0	4	600000010
20017890574	0	100	600000003	600000005
20017890574	0	41	600000006
20017890574	0	164	600000005	600000006
20017890574	0	190	600000005	600000006	600000010
20017890574	0	69	600000001	600000005	600000006	600000010
20017890574	1	417	600000005	600000010
20017890574	0	102	600000001	600000006	600000010
25432393802	1	1339	0
20019124235	1	1096	0
25434687903	1	1096	0
26366595902	1	485	0
26383175501	1	304	0
26370118101	1	730	0
25079300101	1	1036	0
121265701	0	146	600000001
121265701	1	320	600000001	600000010
121265701	1	85	600000010
26489584301	1	669	0
25436586301	1	1339	0
3033101	1	101	600000004
3033101	0	118	600000001	600000004	600000006
3033101	0	21	600000004	600000006
3033101	0	19	600000001	600000006
3033101	0	111	0
3033101	0	32	600000001	600000004	600000005	600000006
3033101	0	153	600000006
20011847664	0	66	600000003	600000005
20011847664	0	54	600000005	600000006
20011847664	1	947	600000005	600000008
20003086206	0	514	600000005
20003086206	1	316	600000001
20003086206	0	268	0
26403235501	0	230	0
26403235501	2	501	600000010
243484901	0	11	0
243484901	1	316	600000006
243484901	0	163	600000003	600000006
26597329302	1	267	0
26385132201	1	730	0
26476764401	1	729	0
26476643801	1	698	0
26414529901	1	729	0
25041128002	1	1036	0
26478979101	1	730	0
25393200702	1	883	0
26438557301	1	452	600000001	600000010
26438557301	0	163	600000006	600000010
26438557301	0	79	600000001
26438557301	0	8	600000010
25432012702	1	1339	600000004
20019139839	1	974	600000001
26522124301	1	730	0
25434723201	1	1339	0
20015495874	1	1096	0
26382193801	1	730	0
1461801	0	247	600000003	600000006	600000010
1461801	0	46	600000003	600000010
1461801	1	185	600000006	600000010
1461801	0	31	600000010
1461801	0	44	600000006
26604819201	1	122	0
26379582601	1	730	0
20018152290	1	631	600000007
20018152290	0	466	600000003	600000007
20010477194	0	573	600000003
20010477194	1	485	0
20010477194	0	40	600000009
572439202	1	1095	0
20006653933	1	1096	0
20010738548	1	1096	0
26429504101	1	273	0
26447368301	0	343	0
26447368301	1	204	600000010
26373073802	1	730	0
20016998027	0	35	600000003
20016998027	1	1000	0
26458973202	1	729	0
20010854591	1	976	600000001
26546631201	0	3	0
26546631201	0	256	600000006
26546631201	1	473	600000006	600000008
2122801	0	328	600000005
2122801	1	100	0
26399907702	1	592	600000005
26399907702	0	17	0
26471677601	0	12	600000005
26471677601	1	543	600000001	600000005	600000008
26471677601	0	27	600000003	600000005	600000008
26471677601	0	7	600000008
26471677601	0	145	600000005	600000008
26382377201	1	730	0
20009756789	0	344	600000004
20009756789	0	318	600000003
20009756789	0	346	0
20009756789	1	91	600000010
20007802690	1	762	600000005
26428805401	1	667	0
20002661821	0	218	600000005
20002661821	1	186	600000003	600000005
20002661821	0	39	600000003	600000008	600000009
20002661821	0	22	600000003
20002661821	0	135	600000003	600000005	600000008
20002661821	0	9	600000008
20002661821	0	41	600000003	600000008
20002661821	0	88	600000005	600000008
561345001	0	238	600000006
561345001	1	312	600000005	600000006
25063235501	1	832	600000006
243529601	0	12	600000005
243529601	0	48	0
243529601	0	4	600000009
243529601	1	31	600000005	600000009
246581001	0	53	600000005
246581001	0	212	600000005	600000007
246581001	0	68	600000001	600000005	600000008
246581001	0	95	0
246581001	0	30	600000005	600000006
246581001	1	66	600000001	600000005	600000006
246581001	0	31	600000001	600000005	600000007	600000008
584748703	0	31	600000001	600000005	600000010
584748703	0	232	600000001	600000007
584748703	0	18	600000001
584748703	1	198	600000001	600000010
584748703	0	74	600000001	600000005	600000006
26396819802	0	38	0
26396819802	1	693	600000010
26518520401	0	348	600000001
26518520401	1	261	600000001	600000005
26518520401	0	123	600000001	600000008
26448410201	1	546	600000005
20000318642	0	173	600000005
20000318642	0	539	600000010
20000318642	1	363	600000006
20000318642	0	24	600000005	600000010
25438715201	1	1339	0
25434280802	0	519	600000005	600000006	600000008
25434280802	0	162	600000008
25434280802	0	3	600000006
25434280802	1	487	600000006	600000008
25434280802	0	58	600000005	600000006
25434280802	0	115	600000003	600000005	600000006	600000008
26513085701	1	486	0
26359483002	1	537	600000005
26359483002	0	192	0
2057102	1	457	0
26376294704	1	730	0
157501	1	549	600000001
25259722201	1	275	0
20004749220	1	911	600000005
20004749220	0	186	0
248353501	0	50	0
248353501	0	460	600000010
248353501	1	41	600000005	600000010
25431396001	0	174	600000005
25431396001	0	97	0
25431396001	1	858	600000005	600000010
25065922201	1	1036	0
26426573901	1	181	0
25093577802	1	1036	0
26570306001	0	51	0
26570306001	1	256	600000006
32450702	0	44	600000001	600000010
32450702	0	19	600000006	600000010
32450702	0	17	600000001	600000006
32450702	0	31	600000010
32450702	1	893	600000001	600000006	600000010
32450702	0	96	600000001	600000003	600000006	600000010
243481201	1	549	0
26418159001	1	729	0
20009101608	1	1096	0
20004522408	0	121	0
20004522408	1	976	600000010
355160301	1	1095	600000006
1399894001	1	1092	600000001	600000006
1399894001	0	4	600000006
502783201	0	8	0
502783201	1	1088	600000010
261594901	1	730	0
20017398904	0	375	600000007
20017398904	0	66	600000004
20017398904	0	197	0
20017398904	0	78	600000006	600000007
20017398904	1	212	600000008
20017398904	0	80	600000006
20008516000	1	1096	600000004
25448137802	0	34	600000001	600000004	600000006
25448137802	0	56	600000001
25448137802	1	38	600000001	600000010
25448137802	0	14	600000001	600000006
25448137802	0	31	600000001	600000004	600000006	600000010
25448137802	0	25	600000001	600000006	600000010
25448137802	0	536	600000001	600000004
26453718101	1	729	0
20013655647	1	846	0
26436686301	1	729	0
20004097245	1	1096	600000004
26381456501	1	729	0
26371340302	1	730	0
25435509502	1	731	0
26461418401	0	217	600000007
26461418401	0	65	600000003
26461418401	1	252	600000003	600000007
26461418401	0	199	600000008
20001919913	0	181	600000003
20001919913	1	916	0
26396303901	1	131	600000007
26396303901	0	44	0
26396303901	0	557	600000008
26508715301	1	729	0
26368665301	1	693	0
2665103	0	270	600000005
2665103	1	629	600000004
2665103	0	17	0
20016006870	1	1096	0
20003326934	1	832	600000005
20003326934	0	20	0
20000989574	1	335	0
153701	1	549	600000006
26426666801	1	729	0
20008761018	0	19	600000005
20008761018	0	9	600000009
20008761018	0	79	600000004	600000005	600000006
20008761018	0	22	600000004	600000005	600000010
20008761018	0	160	600000005	600000006
20008761018	1	812	600000005	600000006	600000010
20000831563	0	2	600000005
20000831563	0	58	0
20000831563	0	4	600000010
20000831563	0	3	600000005	600000010
20000831563	0	4	600000005	600000006
20000831563	1	330	600000005	600000006	600000010
26374081201	1	546	0
29573501	1	617	600000001	600000006
29573501	0	2	0
29573501	0	23	600000006
20006654952	1	91	600000007
20006654952	0	321	600000005
20006654952	0	363	600000003
20006654952	0	80	600000005	600000007
20006654952	0	4	0
20006654952	0	88	600000003	600000005
25435933801	1	1339	0
25046830401	1	1036	0
26382369501	1	729	0
26381586201	1	730	0
26409754602	1	124	600000004
26409754602	0	115	0
26409754602	0	399	600000004	600000005
26409754602	0	95	600000005	600000008
247429401	1	306	600000001	600000005
247429401	0	152	0
26415825301	1	729	0
26379354701	1	516	0
25444745101	1	1338	0
355243801	1	1095	0
26407088801	1	730	0
30577402	0	23	600000001	600000004	600000010
30577402	0	392	600000001	600000005	600000010
30577402	1	442	600000001	600000004	600000005	600000010
30577402	0	77	600000001
30577402	0	165	600000001	600000010
20002099582	1	700	0
26522002801	1	729	0
502706001	0	272	600000005
502706001	0	71	600000006
502706001	1	754	600000005	600000006
25436673201	1	1339	0
25054324001	1	1036	0
25060909701	1	1036	0
20019266975	1	935	600000005
20019266975	0	46	600000003
20019266975	0	117	0
244955701	1	549	0
26390958702	1	730	0
20003574054	1	428	600000001	600000005	600000008
20003574054	0	462	600000001	600000008
20003574054	0	208	600000001	600000003	600000008
183017503	1	914	600000006
246516201	1	549	0
25045353601	1	382	0
26525317602	1	729	0
20017505695	1	1096	0
244974101	0	280	600000003
244974101	1	270	0
26377135501	1	730	0
26379524601	1	487	0
2359403	0	392	600000005
2359403	1	158	600000005	600000010
26539487302	1	730	600000005
26508304601	1	457	0
26482284901	1	729	0
26543480601	1	671	0
20012677549	1	59	600000005
20012677549	0	945	0
26423937801	2	729	0
25431102201	1	639	600000006
26611999801	1	245	0
172530901	0	257	600000006	600000010
172530901	0	27	0
172530901	1	538	600000010
172530901	0	14	600000005	600000009	600000010
172530901	0	79	600000005	600000010
172530901	0	32	600000009	600000010
26395396401	0	12	600000003
26395396401	1	37	600000001
26395396401	0	12	0
508897401	0	182	0
508897401	0	74	600000006	600000007
508897401	1	161	600000010
508897401	0	31	600000007	600000010
508897401	0	105	600000006
20008870571	0	6	600000005
20008870571	0	934	600000006
20008870571	0	23	600000005	600000010
20008870571	1	88	600000005	600000006
20008870571	0	49	600000005	600000006	600000010
1789002	0	277	0
1789002	1	273	600000009
26422170901	1	729	0
32877502	1	1095	0
244247701	0	168	600000001
244247701	1	351	0
244247701	0	32	600000001	600000005
48400903	1	822	0
20009274122	1	1096	0
20017442251	1	579	0
244896301	0	210	600000001	600000006
244896301	1	340	600000006
20016861137	1	1096	0
26389743901	1	37	600000003	600000010
26389743901	0	464	600000001
26389743901	0	17	600000010
26389743901	0	215	600000006
247510901	1	549	0
839614001	1	326	600000005
839614001	0	179	600000003
839614001	0	13	0
839614001	0	141	600000008
839614001	0	75	600000010
25065091201	1	1036	0
26395765102	0	10	600000005
26395765102	0	5	600000001
26395765102	0	31	600000003	600000005	600000006
26395765102	1	668	600000001	600000005
26395765102	0	8	600000003	600000005
26395765102	0	13	600000005	600000006
20001549796	0	79	600000005
20001549796	0	99	600000001
20001549796	0	507	600000009
20001549796	0	47	0
20001549796	1	81	600000010
20001549796	0	288	600000009	600000010
26383613202	1	730	0
26481325302	1	609	0
26489639202	0	42	0
26489639202	1	689	600000009
26412433902	1	729	0
25022822902	1	275	0
20011769642	0	138	600000001
20011769642	1	959	600000001	600000003
25075801702	1	1036	0
25045742501	1	1036	0
26387520801	1	730	0
20003838854	0	22	600000008
20003838854	1	1075	600000005	600000008
20005641989	1	1065	0
26384887601	1	243	0
20015097751	1	1061	600000003
20015097751	0	36	0
26517665302	1	729	0
26403487601	1	545	0
562837901	0	185	600000003
562837901	0	185	0
562837901	1	181	600000010
20012042272	1	982	600000001
20012042272	0	54	0
25435583302	1	1339	0
20018937798	1	762	0
20006213344	1	1096	0
25038367201	1	1005	0
26512225903	1	678	600000003
26512225903	0	53	0
838990201	1	730	0
26363042801	1	730	0
25446026601	0	394	0
25446026601	1	64	600000008
20017848086	0	288	600000004
20017848086	0	680	600000001
20017848086	0	43	0
20017848086	1	88	600000010
25431912802	1	1338	0
25071407701	1	730	0
26524628501	1	304	0
25436744402	0	380	600000005
25436744402	0	28	600000010
25436744402	0	126	600000008
25436744402	0	31	600000005	600000010
25436744402	0	153	600000006
25436744402	0	26	600000005	600000006
25436744402	1	601	600000005	600000008
1022495201	0	13	600000005
1022495201	0	2	600000008
1022495201	1	488	600000005	600000008
26381412001	1	729	0
20013346156	0	369	600000003
20013346156	1	728	0
26552060802	1	730	0
25431528502	1	1307	0
742488401	1	1095	0
25061605001	1	914	0
26498707002	1	728	0
26452971702	1	730	0
25437245303	1	974	600000005
25437245303	0	366	0
20002701439	1	700	0
26398674602	1	730	0
20012446828	1	974	0
26415350301	1	729	0
26477156301	1	638	0
25449662601	1	642	600000003
25449662601	0	357	0
2380303	1	549	0
20012979734	0	867	600000005
20012979734	1	83	0
20012979734	1	55	600000005	600000010
26476730502	0	4	600000003
26476730502	1	219	600000006
26476730502	0	266	600000003	600000006
26485171001	0	482	600000005
26485171001	0	111	0
26485171001	1	139	600000010
756516701	1	1095	0
20006595851	1	429	600000006	600000007
20006595851	0	272	600000006
20012604310	0	24	600000005
20012604310	0	27	600000003	600000005	600000006	600000010
20012604310	0	24	600000006
20012604310	0	20	600000005	600000010
20012604310	0	182	600000005	600000006
20012604310	1	520	600000005	600000006	600000010
20017035343	1	1096	0
26534810402	1	730	0
20019116396	1	1023	600000005
20019116396	0	9	0
20019116396	0	66	600000005	600000010
296893301	0	41	600000005
296893301	1	1055	0
26479988001	1	107	600000003
26479988001	0	624	0
20011640099	1	488	0
26543555202	1	364	0
26408565401	1	729	0
20009151229	1	792	0
175901	1	33	0
175901	0	517	600000009
20003643547	0	172	0
20003643547	0	159	600000010
20003643547	1	767	600000008
20015003613	0	489	600000006	600000010
20015003613	0	317	600000001
20015003613	0	190	600000001	600000006
20015003613	1	87	600000010
20015003613	0	17	600000006
26363607801	1	730	0
26375557701	1	730	0
20003417314	1	604	600000005
20003417314	0	192	600000003
20003417314	0	252	0
20003417314	0	51	600000003	600000005
246151601	0	78	0
246151601	1	472	600000008
26430048301	1	243	0
26415651301	1	729	0
26364992001	1	577	0
535141903	0	20	600000005
535141903	1	197	600000007
535141903	0	334	0
25434413801	1	1308	0
584871104	0	490	600000003
584871104	1	60	600000010
26416383301	1	729	0
68240103	1	549	0
25054165801	0	64	600000007
25054165801	1	27	600000001	600000007
25054165801	0	943	600000005	600000007
25054165801	0	5	600000001
26381301501	1	730	0
26383316301	1	730	0
25436885203	1	851	0
25060629702	1	1036	0
26363025302	1	730	0
246282101	0	8	600000001
246282101	0	19	600000001	600000010
246282101	0	158	600000001	600000006
246282101	1	367	600000001	600000006	600000010
248250401	0	6	0
248250401	1	544	600000006
1403272002	1	357	600000001
1403272002	0	739	600000001	600000005
26428324501	1	729	0
26399408801	1	730	600000005
26379196201	1	577	0
26367052501	1	730	0
26522563802	1	365	0
170983303	0	125	600000005
170983303	1	636	600000003
170983303	0	305	600000010
170983303	0	32	600000008	600000010
26450259701	1	730	0
291627101	1	914	0
25435786101	0	669	600000005
25435786101	0	477	0
25435786101	1	163	600000010
26368634001	1	730	0
20007728699	0	56	600000007
20007728699	1	889	600000007	600000008
20007728699	0	90	600000008
20014184444	1	396	600000009
26416595601	1	729	0
244050703	0	505	600000001
244050703	1	45	0
1120592601	0	100	600000007
1120592601	0	26	600000006	600000009
1120592601	1	56	600000005
1120592601	0	30	600000006	600000010
1120592601	0	114	600000010
1120592601	0	161	600000005	600000010
1120592601	0	36	600000005	600000006
1120592601	1	214	600000005	600000006	600000010
20018172711	1	974	0
25295179901	1	730	0
26395223501	1	424	0
25433727501	1	1308	0
20001381122	0	126	600000007
20001381122	0	83	0
20001381122	0	728	600000010
20001381122	1	162	600000007	600000010
25450601201	0	31	600000006	600000010
25450601201	0	19	0
25450601201	0	68	600000001	600000006
25450601201	1	50	600000010
25450601201	0	809	600000006
20016248245	0	20	600000001
20016248245	0	126	600000001	600000003
20016248245	1	37	0
20000233628	0	327	600000001	600000009
20000233628	1	48	600000001
20000233628	0	23	600000009
20000233628	0	37	600000001	600000006
20000233628	0	42	600000001	600000005
20000233628	0	31	600000006
20000233628	0	103	600000005	600000009
20000233628	0	5	600000006	600000009
20000233628	0	14	600000005	600000006	600000009
20000233628	0	18	600000003	600000005	600000006	600000009
20000233628	0	181	0
26426266402	1	729	0
26507267401	1	224	600000007
26507267401	0	142	0
20000681856	0	232	600000005
20000681856	0	723	600000003	600000005
20000681856	1	143	600000005	600000009
26232493601	1	395	0
26489410101	1	243	0
26537016105	1	730	0
28602002	0	194	600000005
28602002	0	686	0
28602002	1	179	600000009
28602002	0	29	600000006
28602002	0	11	600000005	600000006
20000944484	1	913	0
25432086401	1	1339	0
25051918302	1	1036	0
244097001	1	549	0
25062880101	1	1036	0
25431750901	1	365	600000006
244089001	0	5	600000005
244089001	0	64	600000006	600000009
244089001	0	10	0
244089001	1	193	600000006
244089001	0	281	600000005	600000006
20011375696	0	216	600000003
20011375696	0	205	0
20011375696	1	677	600000009
25069823301	1	1036	0
26426439301	1	729	0
26385599101	1	730	0
1400677801	1	730	0
25434092502	1	1308	0
25434279705	1	1339	0
26537490702	1	730	0
26379756201	1	455	0
26394395001	1	730	0
1396896201	0	629	600000005
1396896201	0	71	600000003
1396896201	1	365	0
26527669801	1	729	0
25044331002	1	1036	0
25447018301	1	335	0
25443424801	0	294	0
25443424801	1	465	600000010
20013426505	0	347	600000004
20013426505	1	563	600000004	600000006
20013426505	0	96	600000006
243684901	1	549	0
20006061449	0	160	600000007
20006061449	0	608	600000001
20006061449	1	330	600000006
544296303	0	99	600000001
544296303	1	451	0
26358949301	0	33	600000005
26358949301	0	71	600000001
26358949301	1	424	0
26358949301	0	80	600000001	600000006
26358949301	0	125	600000001	600000005
25436334001	1	943	0
200167103	0	7	600000005
200167103	0	4	600000008
200167103	1	234	600000005	600000008
244191301	0	90	0
244191301	1	399	600000006
26448163301	1	729	0
369494102	0	14	600000007
369494102	0	470	600000003
369494102	1	542	600000010
369494102	0	72	600000007	600000010
245372303	1	530	600000001
245372303	0	20	0
25436793401	1	244	0
25436793401	0	304	600000009
25449194101	0	56	600000007
25449194101	1	676	600000001	600000007
25449194101	0	38	600000006	600000007
25449194101	0	570	600000001	600000006	600000007
26426640001	2	729	0
707434201	1	883	600000007
26364240801	1	730	0
26377931501	1	730	0
20004634573	3	729	0
26502401601	0	50	0
26502401601	1	607	600000008
26502401601	0	10	600000006
26502401601	0	66	600000003	600000006
291576601	0	22	600000005
291576601	0	71	600000001	600000005
291576601	0	301	600000001	600000006
291576601	1	158	600000001	600000006	600000010
20019601155	1	275	0
247350201	0	38	600000006	600000010
247350201	0	315	600000001	600000006
247350201	1	198	600000001	600000005	600000006
26354585301	1	729	0
26369962001	1	638	0
170880201	0	502	600000005
170880201	1	594	0
26364778001	1	730	0
26523832801	1	729	0
26538864801	1	729	0
26401048104	0	512	600000003
26401048104	1	219	0
26541733401	1	729	0
25427409001	0	21	600000005
25427409001	1	462	600000005	600000006	600000008
25427409001	0	5	600000005	600000008
25427409001	0	229	600000003	600000005	600000006	600000008
25436086102	1	1037	600000001
25436086102	0	303	0
20016645517	1	1096	0
26423464501	1	729	0
20019199067	0	8	600000005
20019199067	0	276	600000005	600000006	600000009
20019199067	1	83	600000006	600000010
20019199067	0	29	600000005	600000009	600000010
20019199067	0	14	600000010
20019199067	0	246	600000005	600000006	600000009	600000010
20019199067	0	15	600000005	600000006
20019199067	1	67	600000005	600000006	600000010
20019462842	1	122	0
26501426202	1	330	600000003
26501426202	0	67	0
26554467401	0	33	600000005
26554467401	1	479	0
25060723702	1	1036	0
26354196501	1	576	0
20002491358	0	122	600000003
20002491358	1	611	0
20015160706	1	1096	0
20015185974	1	1096	0
1401929502	0	16	0
1401929502	1	1049	600000006
26402281502	1	730	0
25440871801	1	896	600000005
25440871801	0	444	0
20011278671	1	306	0
25444775802	1	1339	0
774903301	1	407	600000005
774903301	0	48	600000001
774903301	0	17	0
774903301	0	31	600000001	600000005
774903301	0	20	600000006
774903301	0	31	600000005	600000006
25440505601	1	637	0
3196702	0	8	0
3196702	1	542	600000006
25259570501	1	1036	0
25427938002	1	705	600000005
25427938002	0	24	0
172477801	1	1095	0
26484872602	1	730	0
26481983902	1	365	0
25438134004	1	1339	0
26398311801	0	377	600000005
26398311801	1	140	600000010
743250204	0	107	0
743250204	3	878	600000006
743250204	0	112	600000005	600000006
244316301	1	92	0
26589433505	1	365	0
20000045607	0	2	600000007
20000045607	0	99	600000001	600000006	600000007	600000008
20000045607	1	325	600000001	600000006	600000008	600000010
20000045607	0	15	600000001	600000006	600000007
20000045607	0	84	600000006	600000008	600000010
20000045607	0	27	600000001	600000006	600000010
20000045607	0	51	600000001	600000006	600000008
20000045607	0	13	600000008	600000010
26366393001	1	730	0
26379934201	2	699	0
68285004	1	549	600000007
25433296901	0	869	600000005
25433296901	0	45	0
25433296901	1	54	600000010
25433296901	0	39	600000005	600000010
1213236701	1	518	600000007
26469676901	1	668	0
25297772602	1	640	0
26366644702	1	730	0
247370001	0	52	600000007
247370001	1	74	600000005
247370001	0	19	600000005	600000007
247370001	0	94	0
247370001	0	39	600000003	600000005
25434726602	1	866	600000005
25434726602	0	111	600000003
25434726602	0	364	0
26373949102	1	730	0
26445460703	1	730	0
20002618163	0	135	600000003
20002618163	1	290	0
244082501	1	299	600000005
244082501	0	237	600000007
244082501	0	15	0
20008926867	1	747	600000004
20008926867	0	350	600000004	600000008
26446568401	1	207	600000005
26446568401	0	39	600000005	600000010
25037674003	1	1036	0
26435094601	1	486	0
742434604	0	40	600000005
742434604	0	93	0
742434604	1	568	600000006
20016173669	1	913	600000005
20016173669	0	184	0
25436210002	1	365	0
26387774201	1	730	0
672102	0	25	600000007
672102	0	65	600000001	600000007
672102	0	16	600000007	600000010
672102	0	94	600000001	600000005	600000007
672102	1	108	600000001	600000007	600000010
25023318001	0	16	0
25023318001	1	824	600000006
25023318001	0	98	600000005	600000006
25023318001	0	101	600000003	600000006
25445548601	1	485	0
20014527869	1	1065	0
32485001	1	1064	0
20007836368	0	777	600000005
20007836368	0	71	600000001
20007836368	0	31	600000001	600000005
20007836368	0	21	0
20007836368	1	200	600000010
25435829401	1	704	600000001
25435829401	0	636	0
244671601	0	15	600000006	600000009
244671601	0	24	600000009
244671601	0	59	600000006	600000007
244671601	1	430	600000006
244671601	0	25	600000003	600000006
25447690301	1	1339	0
20005377612	0	59	600000005
20005377612	0	13	600000003
20005377612	0	58	0
20005377612	0	104	600000003	600000005
20005377612	0	22	600000005	600000010
20005377612	0	33	600000005	600000009
20005377612	1	52	600000003	600000005	600000010
25431905701	1	1339	600000001	600000006
25045463301	1	1036	0
20011822485	0	92	600000007
20011822485	0	201	600000003
20011822485	1	72	600000010
20011822485	0	63	600000008
25044254901	1	1036	600000006
25033632502	1	718	600000005
25033632502	0	319	600000005	600000008	600000009
25434365901	4	1216	0
20017678041	1	90	0
20011932018	1	89	600000005
20011932018	0	106	600000008
20011932018	0	21	600000005	600000008
25053107801	1	1036	0
25027563802	1	529	600000001	600000009
25027563802	0	25	600000001
25027563802	0	10	600000009
25027563802	0	79	0
26423498301	1	729	0
20019628494	0	89	600000001	600000010
20019628494	0	87	0
20019628494	1	922	600000010
20003888955	1	715	600000005
20003888955	0	227	0
20018474621	1	943	0
26366305902	1	730	0
584884701	1	162	600000005	600000006	600000007
584884701	0	661	600000006	600000007
584884701	0	16	600000006
584884701	0	78	600000003	600000006	600000007
20001014397	0	13	600000003
20001014397	0	343	0
20001014397	1	591	600000010
248314501	1	549	0
1022474301	1	320	0
26490731201	1	730	0
26452121002	1	273	0
244601601	1	549	600000001	600000007	600000010
20001399616	0	603	0
20001399616	1	414	600000010
20001399616	0	81	600000006
25431392501	0	171	600000005
25431392501	0	28	0
25431392501	1	46	600000006
25431392501	0	31	600000005	600000006
20019516641	1	991	600000001	600000007
20019516641	0	106	600000001
25431043301	1	795	600000003
25431043301	0	180	0
544258705	0	5	600000001
544258705	0	91	600000001	600000006
544258705	1	455	600000006
26420321402	1	729	0
744714901	1	1095	0
20014212649	0	11	600000007
20014212649	1	958	600000005
20014212649	0	50	600000005	600000006	600000007
20014212649	0	80	600000005	600000007
26524919101	1	729	0
26426691501	1	729	0
25045783802	1	1036	0
245611401	1	377	600000007
245611401	0	173	0
33633801	0	43	600000003
33633801	1	1023	0
25060678801	1	1036	0
245705101	1	549	0
26416331501	1	729	0
25431991302	1	1339	0
26371179102	1	730	0
354623904	1	656	0
26458109602	1	730	0
26371901301	1	730	0
20008664049	1	1096	0
368394403	0	26	600000005
368394403	0	556	600000007
368394403	0	41	0
368394403	0	66	600000010
368394403	1	229	600000007	600000010
25432056001	1	1127	0
574252801	0	144	0
574252801	1	952	600000010
20009242611	0	700	600000005
20009242611	1	397	0
25383420701	0	168	600000005
25383420701	1	290	600000005	600000009
26365213301	1	730	0
1749049501	2	334	0
20015097658	1	486	0
26554595001	0	425	0
26554595001	1	306	600000005	600000006
26372273001	1	730	0
172208501	0	409	600000003
172208501	0	246	0
172208501	0	6	600000010
172208501	1	428	600000005	600000010
247064701	0	47	0
247064701	0	21	600000009
247064701	1	483	600000010
26381490901	1	729	0
26364362401	1	730	0
26595986401	1	334	0
20001266360	0	130	600000005
20001266360	0	32	0
20001266360	0	318	600000003	600000005
20001266360	1	277	600000005	600000010
20001266360	0	343	600000005	600000009
274384902	1	507	600000007
274384902	0	39	600000003
274384902	0	157	0
274384902	0	183	600000008
20013998123	0	53	600000006	600000009
20013998123	1	526	600000009
25431233501	0	591	0
25431233501	1	749	600000001	600000006
172346801	0	167	0
172346801	1	929	600000008
20000556434	2	1096	0
25054306801	1	1036	0
25095923401	1	852	0
20002154093	0	236	600000005
20002154093	1	322	600000003
20002154093	0	42	0
20002154093	0	499	600000009
26379661801	1	549	0
26531937402	0	74	600000005
26531937402	0	40	0
26531937402	0	93	600000010
26531937402	1	70	600000006
26531937402	0	457	600000005	600000006
25259303901	1	1036	0
246474101	0	210	600000001
246474101	1	340	0
26531747502	1	729	0
25070164401	1	1036	0
29125402	0	14	600000001	600000003
29125402	0	35	600000003
29125402	1	1048	600000001
26370192804	1	730	0
245281001	1	218	600000005
245281001	0	697	600000005	600000006
20017646701	0	363	600000007
20017646701	0	528	600000005
20017646701	1	207	600000010
20017740531	0	51	600000005
20017740531	0	146	600000009
20017740531	0	83	600000003	600000005
20017740531	0	110	600000004	600000005	600000008
20017740531	0	53	600000003
20017740531	1	109	0
20017740531	0	51	600000003	600000005	600000008
20017740531	0	9	600000008
20017740531	0	461	600000005	600000008
20007371131	1	202	600000005
20007371131	0	11	0
20017605292	1	426	0
25430971801	1	456	600000001	600000007
26427067901	1	729	0
25431969701	0	21	600000001	600000010
25431969701	1	1304	600000001
25431969701	0	16	0
368267201	0	57	600000006	600000009
368267201	1	493	600000006
26578135301	1	275	0
20008791439	1	1096	0
20001453550	1	1096	0
26506225202	0	29	600000005
26506225202	1	429	600000005	600000006
20010985379	0	616	600000007
20010985379	1	234	0
20010985379	0	248	600000008
20016964425	1	521	600000001
20016964425	0	576	600000001	600000006
26576601601	1	365	0
26406094001	2	334	0
26449322601	1	729	0
26386361901	1	598	600000005
26386361901	0	133	0
25436507802	1	1338	0
20001811350	1	1096	600000004
26539748101	1	730	0
20006959615	1	100	600000004
20006959615	0	620	600000004	600000009
20006959615	0	13	0
26403054601	0	81	600000001	600000003	600000006
26403054601	1	231	600000006
26403054601	0	11	600000003	600000006
26403054601	0	410	600000001	600000003	600000006	600000010
2014901	0	53	600000007
2014901	0	142	600000003
2014901	1	598	0
25434920901	1	1339	0
25433697101	1	1339	0
26381311901	1	730	0
26379619701	1	699	0
742127401	1	957	600000007
742127401	0	139	600000005	600000007
25427712901	1	826	0
26465053501	0	180	600000005
26465053501	0	27	600000006	600000009
26465053501	0	38	600000001
26465053501	0	195	600000003	600000005	600000006
26465053501	0	111	600000001	600000005
26465053501	1	24	600000006
26465053501	0	161	600000005	600000006
245953201	1	549	0
20015728775	0	71	600000005
20015728775	0	157	600000001
20015728775	0	480	600000001	600000005
20015728775	0	20	600000005	600000008	600000010
20015728775	0	36	600000001	600000008
20015728775	0	67	600000001	600000005	600000008
20015728775	0	8	600000008
20015728775	0	54	600000006	600000008	600000010
20015728775	1	28	600000005	600000010
20015728775	0	54	600000008	600000010
20015728775	0	41	600000005	600000008
26391824802	1	730	0
20005146856	1	144	600000003
20005146856	0	9	0
247018601	1	291	600000003
247018601	0	259	0
243532701	0	86	0
243532701	1	464	600000005	600000006	600000010
368384601	1	412	600000007
368384601	0	138	0
26372601001	1	730	0
26536017502	1	730	0
746428302	0	136	0
746428302	1	960	600000010
26488246203	1	730	0
248474501	1	215	600000003
248474501	0	90	0
26526509502	1	462	600000005
26526509502	0	26	0
25064512201	1	974	0
26372889602	1	730	0
25431269302	1	876	600000005
25431269302	0	7	0
26374240001	1	638	0
26378842701	1	730	0
502790101	1	248	600000001	600000005	600000006	600000010
502790101	0	17	600000006	600000010
502790101	0	794	0
502790101	0	39	600000001	600000006	600000010
26452489701	1	730	0
299931501	1	797	600000005
299931501	0	87	600000003
299931501	0	130	0
299931501	0	84	600000003	600000005
20013696473	1	1004	600000001
2190701	1	37	600000005
2190701	0	92	600000001	600000005	600000006	600000010
2190701	0	15	600000001	600000005
2190701	0	359	0
2190701	0	50	600000001	600000005	600000006
247116701	1	220	600000001
247116701	0	116	0
26523337501	0	11	600000001
26523337501	0	126	600000001	600000006
26523337501	0	5	600000010
26523337501	0	154	600000006
26523337501	1	157	600000006	600000010
26523337501	0	121	0
26523337501	0	113	600000001	600000006	600000007
26523337501	0	20	600000001	600000006	600000010
26523337501	0	31	600000001	600000006	600000007	600000010
246859601	0	102	600000001	600000006
246859601	0	151	0
246859601	1	298	600000006
26549940501	0	281	0
26549940501	1	377	600000010
26467881201	1	577	0
20009348135	1	1096	0
26379869201	1	396	0
20011011284	1	1096	0
369853001	1	1095	0
26365033102	1	730	0
26550011301	1	326	600000003
26550011301	0	397	0
20003716032	0	9	600000005
20003716032	0	26	600000001	600000005
20003716032	0	156	600000005	600000006
20003716032	0	133	600000001	600000005	600000006
20003716032	1	728	600000001	600000005	600000006	600000008
20003716032	0	49	600000005	600000008
244801201	0	227	600000007
244801201	1	187	600000006	600000007	600000010
244801201	0	4	0
244801201	0	55	600000006	600000007
244801201	0	80	600000006
25050977201	1	1036	0
26594736301	0	152	0
26594736301	1	183	600000010
26386621501	0	237	600000005
26386621501	1	219	0
20010446133	0	435	0
20010446133	1	113	600000008
20010446133	0	33	600000001	600000008
745449201	1	1095	0
291571802	1	380	600000001
291571802	0	48	0
25040225101	1	385	600000005
25040225101	0	158	600000003	600000005
25040225101	0	129	600000005	600000006
26584464002	1	275	0
26413568402	2	729	0
25041006501	1	1036	0
26374906402	1	730	0
52154604	1	566	600000005
52154604	0	85	600000003
52154604	0	234	0
25436587401	1	1260	600000003
25436587401	0	80	0
26432300702	1	517	0
26451188901	1	729	0
20018906856	1	128	600000006	600000010
20018906856	0	15	0
20018906856	0	955	600000006
26382420401	1	273	0
25448729401	1	606	0
26423895501	1	729	0
20013660331	0	569	600000005
20013660331	0	191	0
20013660331	1	126	600000005	600000010
20013220126	1	1096	600000007
247255901	1	548	600000007
247255901	0	2	0
243429201	0	174	600000001
243429201	0	49	0
243429201	0	264	600000001	600000006
243429201	1	65	600000006
25430555501	1	1304	600000001
25430555501	0	5	0
908778301	0	100	600000005
908778301	1	129	600000003
908778301	0	79	600000009
908778301	0	394	0
25435436603	0	152	0
25435436603	1	1157	600000010
26492099801	0	348	600000003
26492099801	0	140	600000003	600000010
26492099801	1	244	600000010
25445385201	1	973	0
25059477202	1	1036	0
25431842501	1	1339	0
26538014601	1	730	0
245481601	1	324	600000004
245481601	0	226	0
26415309402	1	729	0
1401114301	1	1095	0
32024202	1	1095	0
26535932501	1	729	0
20018646737	0	983	600000003
20018646737	1	114	600000003	600000006
245987401	1	147	600000001	600000010
245987401	0	32	600000001
245987401	0	47	600000006	600000010
245987401	0	192	600000001	600000006
245987401	0	3	0
245987401	0	2	600000010
245987401	0	132	600000001	600000006	600000010
25042454405	1	1036	0
26421181301	1	729	0
20004771712	1	1004	0
746276302	0	11	600000001	600000003	600000005
746276302	1	177	600000001	600000003
746276302	0	898	600000001
746276302	0	12	600000001	600000005
26379018701	1	546	0
20004571788	1	396	0
26482002201	1	729	0
26470305801	0	339	600000006	600000010
26470305801	1	45	600000010
26470305801	0	42	600000006
20001425069	1	1096	0
26374411804	1	730	0
247007101	0	11	600000001
247007101	1	126	600000001	600000006
247007101	0	12	0
247007101	1	388	600000010
247007101	0	16	600000006
20004497287	0	58	600000005
20004497287	0	70	600000003
20004497287	0	695	0
20004497287	1	220	600000008
20004497287	0	57	600000005	600000008
1398195202	1	485	0
26373714101	1	730	0
25046923001	1	1036	0
25054747701	1	1036	0
25441479901	2	1339	0
20007358512	0	13	600000007
20007358512	0	4	600000001	600000007
20007358512	0	94	600000001	600000005	600000006	600000007
20007358512	0	3	600000001	600000010
20007358512	1	9	600000001	600000006
20007358512	0	2	600000001	600000005	600000007
20007358512	0	3	600000001	600000005	600000006
68064502	1	549	0
20016196432	1	1096	0
573347401	1	549	600000001
25061541701	1	226	600000005
25061541701	0	533	600000001
25061541701	0	34	0
68028802	0	13	600000001	600000006
68028802	0	78	600000008
68028802	0	24	600000001	600000008
68028802	1	425	600000001	600000006	600000008
68028802	0	13	600000001	600000003	600000008
26393179001	1	730	0
26539667001	0	581	600000003
26539667001	1	150	0
25436480601	1	1339	0
836952101	1	608	600000001	600000006
836952101	0	123	600000006
26415504801	1	729	0
26375483402	1	730	0
20008859578	0	29	600000003
20008859578	0	391	600000001
20008859578	0	204	0
20008859578	0	149	600000008
20008859578	1	327	600000010
25063615301	1	1036	0
26371867201	1	730	0
26382963201	1	730	0
20017330418	1	951	600000003
20017330418	0	146	0
25437839604	1	700	0
26459606801	1	537	600000001
26459606801	0	72	0
25433794202	1	1339	0
20008487926	1	700	0
502751201	0	47	600000001	600000007
502751201	1	551	600000001	600000006
502751201	0	315	600000001	600000006	600000007
26411381101	4	729	0
26387242401	1	311	600000003
26387242401	0	420	0
25057039702	2	1036	0
26533256401	1	729	0
25449787701	1	252	0
25432302802	1	1339	0
246742803	0	331	0
246742803	1	219	600000006
245739104	1	549	600000007
26365287901	0	203	600000005
26365287901	1	121	600000009
26365287901	0	336	0
26365287901	1	73	600000010
20004832195	0	353	600000009
20004832195	1	744	600000003	600000009
248346201	0	813	600000005
248346201	0	11	0
248346201	1	92	600000010
26441080301	1	729	0
26525098801	1	605	600000001
26525098801	0	23	0
26525098801	0	104	600000001	600000005
26386682201	0	125	600000006	600000007
26386682201	1	606	600000006
20009714569	0	71	600000001	600000003	600000005	600000010
20009714569	0	37	600000001	600000003	600000005
20009714569	0	35	600000001	600000003	600000010
20009714569	0	20	600000001	600000010
20009714569	0	5	600000001	600000005
20009714569	0	42	600000001	600000003	600000005	600000006
20009714569	0	84	600000001	600000005	600000006
20009714569	0	19	600000003
20009714569	1	118	600000001	600000003	600000006
20009714569	0	10	600000001
20009714569	0	161	600000001	600000006
20009714569	0	147	600000003	600000005
20009714569	0	29	600000001	600000008
20009714569	0	24	600000001	600000003	600000006	600000008
20009714569	0	4	600000001	600000003	600000008
20009714569	0	93	600000001	600000005	600000010
20009714569	0	201	600000001	600000003
20009714569	0	13	600000003	600000010
26484974101	1	729	0
247474901	0	83	0
247474901	0	28	600000006
247474901	1	165	600000005	600000006
26505020501	1	729	0
26485986502	1	730	0
26383293101	1	730	0
