PID	EVT	OFFS	D1	D2	D3	D4	D5	D6
584737002	0	290	600000005
584737002	2	625	0
26450155801	1	729	0
26376134601	1	730	0
26399027503	1	730	0
20009638294	0	387	600000003
20009638294	1	710	0
25440385802	1	867	600000007
25440385802	0	289	0
30026101	0	402	600000005
30026101	0	42	600000001
30026101	0	31	600000001	600000008	600000010
30026101	1	59	600000008
30026101	0	545	600000001	600000008
30026101	0	21	600000008	600000010
26516854101	1	730	0
26514170402	0	265	0
26514170402	1	313	600000008
584698401	0	12	600000005
584698401	1	44	600000001	600000010
584698401	0	786	600000001
584698401	0	75	0
26438249301	1	232	600000005
26438249301	0	199	600000003
26438249301	0	127	600000006
26438249301	0	175	600000005	600000006
20001504438	1	1096	0
25024611301	2	914	0
26404727802	1	338	600000003
26404727802	0	393	600000008
26366744502	1	730	0
26449341901	1	442	600000007
26449341901	0	289	0
20000360779	1	600	0
20000360779	0	252	600000010
25044008302	0	45	600000007
25044008302	0	17	600000005
25044008302	1	976	600000005	600000007
25038315501	1	1036	0
26450904001	2	729	0
25444428101	1	1338	0
246224101	0	23	0
246224101	1	527	600000006
26429590602	1	486	0
26367372502	1	730	0
26546867901	1	610	0
26478330701	1	729	0
20013163080	0	77	600000004
20013163080	0	821	600000003	600000004
20013163080	1	168	0
247837401	1	145	600000005
247837401	0	244	0
247837401	0	162	600000001	600000005
25083700102	3	1036	0
32182502	0	263	600000005
32182502	0	33	600000001
32182502	0	98	600000003	600000005	600000006
32182502	2	232	600000001	600000010
32182502	0	290	600000001	600000005
32182502	0	3	600000006
32182502	0	182	600000005	600000006
247001901	0	372	0
247001901	1	178	600000006
26449783702	2	688	0
25062590304	1	1036	0
25430847101	7	639	600000006
261612301	1	916	600000005
261612301	0	180	0
26234403201	1	212	0
20017525937	1	567	600000001
20017525937	0	13	0
20017955210	1	125	0
20017955210	0	210	600000006
171213102	1	63	600000005
171213102	0	30	600000008
171213102	0	160	600000005	600000009
171213102	0	69	600000005	600000008
26593749801	2	324	0
26435292202	4	730	0
25069469501	0	74	600000005
25069469501	0	9	600000003
25069469501	1	36	0
26364046701	2	730	0
26378719001	1	728	0
25067970802	4	895	0
20016923603	1	1096	0
20009716379	1	517	0
247549303	1	549	600000001
20012810223	0	128	600000005
20012810223	0	345	600000003	600000005
20012810223	1	240	600000005	600000010
20012810223	0	386	600000005	600000008
31652203	0	212	600000009
31652203	1	642	600000010
25056897202	1	1036	0
26359796602	0	424	0
26359796602	1	183	600000001	600000003	600000005	600000006
26359796602	0	44	600000001	600000005
26359796602	0	62	600000001	600000005	600000006
26359796602	0	20	600000005	600000006
26518707901	1	729	0
20019124235	1	1096	0
20010760170	0	12	600000005
20010760170	0	2	600000010
20010760170	1	110	600000005	600000010
26414680601	1	729	0
26383175501	1	304	0
26370118101	2	730	0
26363745901	1	730	0
25079300101	1	1036	0
1096169801	0	47	600000005
1096169801	0	19	600000003
1096169801	1	700	600000001	600000006
1096169801	0	57	600000001	600000005	600000006
25436586301	1	1339	0
3033101	1	101	600000004
3033101	0	118	600000001	600000004	600000006
3033101	0	21	600000004	600000006
3033101	0	19	600000001	600000006
3033101	0	111	0
3033101	0	32	600000001	600000004	600000005	600000006
3033101	0	153	600000006
20018497009	0	90	600000005
20018497009	0	15	600000003	600000006	600000010
20018497009	1	90	600000006	600000010
20018497009	0	39	600000010
20018497009	0	13	600000004	600000008
20018497009	0	850	600000006
20018497009	0	5	600000003	600000006
20017418889	1	1064	0
20011847664	0	66	600000003	600000005
20011847664	0	54	600000005	600000006
20011847664	2	947	600000005	600000008
20003086206	0	514	600000005
20003086206	1	316	600000001
20003086206	0	268	0
26536088102	2	730	0
1697941602	1	212	0
25079127503	1	705	600000005
25079127503	1	181	600000003
25079127503	0	152	0
26392524601	1	730	0
26385132201	1	730	0
26476764401	1	729	0
26476643801	2	698	0
25433517901	1	396	600000005
25433517901	0	944	600000005	600000008
291513601	5	400	600000005	600000007	600000010
291513601	0	15	600000010
291513601	1	136	600000005	600000010
26478979101	4	730	0
25393200702	3	883	0
26438557301	2	452	600000001	600000010
26438557301	0	163	600000006	600000010
26438557301	1	79	600000001
26438557301	0	8	600000010
25432012702	1	1339	600000004
26548417102	1	730	600000001	600000006
20005762715	0	175	600000003
20005762715	1	922	0
20015495874	1	1096	0
20016666671	1	976	0
1461801	0	247	600000003	600000006	600000010
1461801	0	46	600000003	600000010
1461801	1	185	600000006	600000010
1461801	0	31	600000010
1461801	0	44	600000006
26604819201	1	122	0
26379582601	1	730	0
20006653933	1	1096	0
26519633701	0	23	600000001
26519633701	1	343	600000001	600000005
20018882764	0	149	600000005
20018882764	0	85	0
20018882764	0	46	600000008
20018882764	0	240	600000005	600000010
20018882764	1	31	600000008	600000010
20008347622	1	425	600000005
20019181101	0	66	600000005
20019181101	0	25	600000001
20019181101	0	2	0
20019181101	1	122	600000001	600000006
20019181101	0	215	600000001	600000005
20019181101	0	124	600000006
26447368301	0	343	0
26447368301	1	204	600000010
26373073802	1	730	0
20010854591	1	976	600000001
20006104413	1	523	600000005
20006104413	0	473	600000008
20006104413	0	102	600000005	600000008
20003447057	1	778	600000005
20003447057	0	127	600000006
20003447057	0	162	600000005	600000006
68405702	0	61	0
68405702	1	336	600000006
26546631201	0	3	0
26546631201	0	256	600000006
26546631201	1	473	600000006	600000008
25438061601	1	547	0
26399907702	1	592	600000005
26399907702	0	17	0
26382377201	3	730	0
20017521319	0	8	0
20017521319	1	1089	600000010
20007802690	1	762	600000005
26428805401	3	667	0
20002661821	0	218	600000005
20002661821	1	186	600000003	600000005
20002661821	0	39	600000003	600000008	600000009
20002661821	0	22	600000003
20002661821	0	135	600000003	600000005	600000008
20002661821	0	9	600000008
20002661821	0	41	600000003	600000008
20002661821	0	88	600000005	600000008
25427912403	1	745	0
26464350902	1	152	600000005
26464350902	0	336	600000003
26533993601	1	729	0
584748703	0	31	600000001	600000005	600000010
584748703	0	232	600000001	600000007
584748703	0	18	600000001
584748703	0	198	600000001	600000010
584748703	1	74	600000001	600000005	600000006
26396819802	0	38	0
26396819802	1	693	600000010
26457418702	0	671	600000005
26457418702	1	60	0
25432484601	0	91	0
25432484601	1	672	600000010
25024240001	1	195	0
20013041278	0	27	600000005
20013041278	0	32	600000001	600000010
20013041278	0	530	600000001
20013041278	0	106	0
20013041278	1	375	600000008
20013041278	0	31	600000005	600000008
26448410201	1	546	600000005
20000318642	0	173	600000005
20000318642	0	539	600000010
20000318642	1	363	600000006
20000318642	0	24	600000005	600000010
25438715201	4	1339	0
25434280802	0	519	600000005	600000006	600000008
25434280802	0	162	600000008
25434280802	0	3	600000006
25434280802	1	487	600000006	600000008
25434280802	0	58	600000005	600000006
25434280802	0	115	600000003	600000005	600000006	600000008
26513085701	2	486	0
26462321201	0	217	600000001
26462321201	0	46	0
26462321201	0	173	600000001	600000006
26462321201	1	146	600000006
26473819701	0	28	600000001	600000003
26473819701	1	457	600000001
26473819701	1	62	0
26367980503	1	730	0
26498919802	1	707	600000008
26498919802	0	24	600000003	600000008
20011494442	0	788	600000003
20011494442	1	216	0
912156501	1	236	600000003
912156501	0	279	0
25433757302	1	1339	0
26376294704	1	730	0
157501	1	549	600000001
26500600901	0	71	600000005
26500600901	0	14	0
26500600901	1	227	600000006
26500600901	0	390	600000005	600000006
26367456902	1	730	0
20016148605	0	15	600000005
20016148605	1	828	600000001	600000005
20016148605	0	255	600000003	600000005
25065922201	4	1036	0
246144803	1	504	600000001	600000007
246144803	0	41	600000001
246144803	0	6	0
26430209402	6	607	0
26436491701	1	378	0
20017044545	1	38	600000005
20017044545	0	28	0
20017044545	0	150	600000006
26426573901	1	181	0
26232578303	1	577	0
25093577802	1	1036	0
20009101608	1	1096	0
20004522408	0	121	0
20004522408	1	976	600000010
26369101102	1	723	0
1399894001	2	1092	600000001	600000006
1399894001	0	4	600000006
1400882601	0	87	600000001	600000003	600000005
1400882601	0	92	600000005
1400882601	0	39	600000003	600000005	600000009
1400882601	0	35	600000001	600000005
1400882601	0	35	600000001	600000005	600000009
1400882601	0	121	600000003	600000005
1400882601	0	7	600000005	600000009
1400882601	1	33	600000005	600000007
1400882601	0	96	600000003
1400882601	0	372	0
1400882601	1	188	600000005	600000007	600000009
261594901	1	730	0
26424759801	2	576	0
20017398904	0	375	600000007
20017398904	0	66	600000004
20017398904	0	197	0
20017398904	0	78	600000006	600000007
20017398904	1	212	600000008
20017398904	0	80	600000006
291918601	0	428	600000007
291918601	0	50	0
291918601	1	102	600000010
291918601	0	31	600000007	600000010
26453718101	1	729	0
20018833823	0	97	600000001
20018833823	0	81	600000001	600000006
20018833823	0	45	600000006
20018833823	0	179	600000001	600000006	600000008
20018833823	1	371	600000003
20018833823	0	101	600000001	600000003
20018833823	0	31	0
20018833823	0	98	600000001	600000003	600000006
20018833823	0	27	600000008
20018833823	0	61	600000006	600000008
20018833823	0	15	600000003	600000008
26433957701	1	729	0
20013655647	1	846	0
26436686301	2	729	0
26377151901	1	730	0
25062725203	1	319	600000003
25062725203	0	368	0
20004097245	1	1096	600000004
26540857501	1	729	0
26381456501	1	729	0
368363103	0	160	600000001
368363103	1	390	0
25435509502	1	731	0
20015844570	0	152	600000003	600000005	600000008	600000010
20015844570	1	486	600000005	600000008	600000010
20015844570	0	454	600000001	600000005	600000008	600000010
20015844570	0	7	600000005	600000008
26461418401	1	217	600000007
26461418401	0	65	600000003
26461418401	1	252	600000003	600000007
26461418401	0	199	600000008
20001919913	0	181	600000003
20001919913	1	916	0
584772301	2	493	600000006	600000007
584772301	1	57	600000006
26538790601	1	730	600000007
20014720832	1	725	600000006	600000009
20014720832	0	367	600000006	600000009	600000010
20014720832	0	6	600000006
20009305412	0	100	600000005
20009305412	0	306	600000003
20009305412	1	654	600000003	600000005
20009305412	0	9	600000005	600000010
20009305412	0	31	600000003	600000005	600000010
20014539652	0	2	600000001
20014539652	0	113	600000001	600000006
20014539652	0	209	600000001	600000003	600000006
20014539652	1	775	600000001	600000005	600000006
26457658801	1	576	0
20003900522	1	279	600000005
20003900522	0	66	0
20003900522	0	723	600000008
20003900522	0	31	600000005	600000008
20016006870	2	1096	0
20000989574	2	335	0
26427729202	1	729	0
26426666801	1	729	0
173116501	2	1095	0
26528478401	0	539	600000005
26528478401	1	192	600000005	600000010
20008761018	0	19	600000005
20008761018	0	9	600000009
20008761018	0	79	600000004	600000005	600000006
20008761018	0	22	600000004	600000005	600000010
20008761018	0	160	600000005	600000006
20008761018	1	812	600000005	600000006	600000010
25440033001	1	1339	0
20000831563	0	2	600000005
20000831563	0	58	0
20000831563	0	4	600000010
20000831563	0	3	600000005	600000010
20000831563	0	4	600000005	600000006
20000831563	1	330	600000005	600000006	600000010
246104601	1	274	0
20007097891	1	331	600000005
20007097891	0	96	600000003
20007097891	0	13	600000008
20007097891	0	19	600000005	600000008
773952201	1	549	600000006
20009538801	0	210	600000003
20009538801	1	887	0
26538249901	1	365	0
20006654952	1	91	600000007
20006654952	0	321	600000005
20006654952	0	363	600000003
20006654952	0	80	600000005	600000007
20006654952	0	4	0
20006654952	0	88	600000003	600000005
247447001	1	914	600000007
25435933801	1	1339	0
368569701	1	318	600000005
368569701	0	44	600000003
368569701	0	189	600000003	600000005	600000006
26381586201	1	730	0
26409754602	1	124	600000004
26409754602	0	115	0
26409754602	0	399	600000004	600000005
26409754602	0	95	600000005	600000008
20019516460	0	84	600000005
20019516460	0	198	600000003
20019516460	1	722	0
26436753301	1	729	0
247429401	1	306	600000001	600000005
247429401	0	152	0
26379354701	1	516	0
25444745101	2	1338	0
355243801	2	1095	0
1240623802	1	457	600000001
26522002801	2	729	0
26422371003	1	729	0
25436673201	1	1339	0
25060909701	2	1036	0
20003072462	0	4	600000005
20003072462	0	319	600000001	600000005
20003072462	2	775	600000001	600000005	600000007
26454251901	1	729	0
26390958702	1	730	0
25432417901	0	194	0
25432417901	1	1146	600000006
183017503	1	914	600000006
246516201	1	549	0
25052390401	2	1036	0
838427502	1	730	600000001
26460744002	0	437	600000001
26460744002	1	213	600000001	600000010
26460744002	0	82	600000010
25436206802	1	1339	0
26525317602	1	729	0
20017505695	6	1096	0
25433767601	1	1323	600000001
25433767601	0	17	0
26379524601	3	487	0
26436480201	1	456	0
170342701	1	1095	0
26508304601	2	457	0
26543480601	1	671	0
20012677549	1	59	600000005
20012677549	1	945	0
26548292602	1	424	600000001
26548292602	3	248	600000006
26423937801	3	729	0
25431102201	2	639	600000006
746599301	2	102	600000007
746599301	1	994	0
25079411503	1	913	0
26395396401	0	12	600000003
26395396401	1	37	600000001
26395396401	0	12	0
508897401	0	182	0
508897401	0	74	600000006	600000007
508897401	1	161	600000010
508897401	0	31	600000007	600000010
508897401	0	105	600000006
20008870571	0	6	600000005
20008870571	0	934	600000006
20008870571	0	23	600000005	600000010
20008870571	1	88	600000005	600000006
20008870571	0	49	600000005	600000006	600000010
26547638701	1	729	0
1789002	0	277	0
1789002	1	273	600000009
26422170901	2	729	0
26374579401	1	730	0
32877502	3	1095	0
26412246102	1	729	0
48400903	1	822	0
244247701	0	168	600000001
244247701	1	351	0
244247701	0	32	600000001	600000005
20009274122	3	1096	0
20017442251	1	579	0
244896301	0	210	600000001	600000006
244896301	1	340	600000006
20017868890	2	1096	0
26366110502	2	730	0
247510901	1	549	0
20008372225	0	33	600000010
20008372225	1	760	600000005	600000010
839614001	1	326	600000005
839614001	0	179	600000003
839614001	0	13	0
839614001	0	141	600000008
839614001	0	75	600000010
26395765102	0	10	600000005
26395765102	0	5	600000001
26395765102	0	31	600000003	600000005	600000006
26395765102	1	668	600000001	600000005
26395765102	0	8	600000003	600000005
26395765102	0	13	600000005	600000006
26489639202	0	42	0
26489639202	1	689	600000009
26412433902	1	729	0
20010964372	1	929	600000004
20010964372	0	168	600000004	600000005
20003199788	0	10	600000001
20003199788	0	5	600000001	600000005
20003199788	0	76	600000001	600000006
20003199788	1	1008	600000001	600000005	600000006
26396058002	1	487	0
20011769642	0	138	600000001
20011769642	1	959	600000001	600000003
25435058301	1	1339	0
20010821990	1	792	0
20010575842	0	580	600000005
20010575842	1	59	600000005	600000006
33208201	0	88	600000001	600000010
33208201	1	278	600000001
26492469102	1	730	0
26387520801	3	730	0
25435003102	1	1339	0
26384887601	1	243	0
26419421401	1	729	0
26471789501	2	730	0
20015097751	1	1061	600000003
20015097751	0	36	0
26517665302	2	729	0
26403487601	1	545	0
562837901	0	185	600000003
562837901	0	185	0
562837901	1	181	600000010
20017938805	1	670	0
25435583302	3	1339	0
20018937798	1	762	0
773938501	0	72	0
773938501	1	478	600000010
26518813501	1	730	0
26366223102	3	396	0
26512225903	1	678	600000003
26512225903	0	53	0
25062761201	1	396	0
838990201	1	730	0
20017848086	1	288	600000004
20017848086	0	680	600000001
20017848086	0	43	0
20017848086	0	88	600000010
20012773479	0	2	600000005
20012773479	0	145	600000009
20012773479	0	16	600000008	600000009
20012773479	1	279	600000008
20012773479	0	262	600000005	600000009
25071407701	1	730	0
20003975183	0	10	0
20003975183	2	264	600000006
247152102	0	6	600000005
247152102	0	31	600000001	600000005	600000010
247152102	0	11	600000006
247152102	0	13	600000005	600000010
247152102	0	148	600000001	600000005	600000006
247152102	1	345	600000005	600000006
26373512001	1	730	0
26531262301	1	684	600000003
26531262301	0	47	0
26566226101	1	365	0
26529523201	1	730	0
20013188912	1	1034	0
20003619372	1	1046	600000005
20003619372	0	51	0
26381412001	2	729	0
20013346156	0	369	600000003
20013346156	1	728	0
26479736901	1	730	0
25431528502	1	1307	0
742488401	1	1095	0
26527330602	1	730	0
26551387401	1	730	0
26498707002	2	728	0
26452971702	1	730	0
20002701439	3	700	0
20012446828	1	974	0
26415350301	3	729	0
20016395404	0	14	600000005
20016395404	0	12	600000003
20016395404	0	33	600000010
20016395404	0	232	600000005	600000008	600000010
20016395404	1	778	600000005	600000010
26477156301	1	638	0
25449662601	1	642	600000003
25449662601	0	357	0
112501	1	549	600000007
20012979734	0	867	600000005
20012979734	1	83	0
20012979734	1	55	600000005	600000010
20006065821	1	640	0
20017278171	1	951	600000005
20017278171	0	146	0
26402921701	0	246	600000005
26402921701	1	485	0
756516701	4	1095	0
20005047899	1	742	600000001
20005047899	0	170	0
20005047899	0	18	600000001	600000005
20005047899	0	169	600000001	600000006
26534810402	2	730	0
838523901	1	730	600000007
25052176501	2	1036	0
20019116396	9	1023	600000005
20019116396	0	9	0
20019116396	1	66	600000005	600000010
26479988001	1	107	600000003
26479988001	0	624	0
20011640099	1	488	0
26543555202	1	364	0
26408565401	1	729	0
20009151229	2	792	0
20012140832	0	29	600000005
20012140832	0	188	600000003	600000005	600000006	600000010
20012140832	0	7	600000006	600000010
20012140832	0	205	600000001	600000010
20012140832	0	112	600000010
20012140832	1	473	600000005	600000010
20012140832	0	57	600000005	600000006	600000010
175901	1	33	0
175901	0	517	600000009
291799301	0	28	0
291799301	1	522	600000006
26363607801	1	730	0
838845301	1	730	0
26415651301	1	729	0
25450472801	1	248	600000006
25434413801	1	1308	0
25449283401	0	232	600000005
25449283401	1	1083	0
25444929804	1	1339	0
68240103	1	549	0
25054165801	0	64	600000007
25054165801	1	27	600000001	600000007
25054165801	0	943	600000005	600000007
25054165801	0	5	600000001
26381301501	1	730	0
20017112996	1	792	600000001
20017112996	0	124	600000006
26363025302	1	730	0
466903	1	549	0
246282101	0	8	600000001
246282101	0	19	600000001	600000010
246282101	0	158	600000001	600000006
246282101	2	367	600000001	600000006	600000010
248250401	0	6	0
248250401	1	544	600000006
26426953301	3	729	0
26428324501	1	729	0
26367052501	1	730	0
25069961301	1	1036	0
20018253658	1	1096	0
31822901	0	179	600000001	600000007
31822901	0	9	600000001
31822901	0	15	600000001	600000006
31822901	1	580	600000006
31822901	0	31	600000001	600000006	600000008
31822901	0	76	600000007
31822901	0	4	0
31822901	0	146	600000008
31822901	1	63	600000001	600000006	600000007
20003389773	1	134	600000005
20003389773	0	4	600000003
20003389773	0	50	600000003	600000005	600000009
20003389773	0	911	600000003	600000005
170983303	0	125	600000005
170983303	2	636	600000003
170983303	0	305	600000010
170983303	0	32	600000008	600000010
2550801	0	70	600000001
2550801	2	480	600000001	600000005
291627101	2	914	0
26376332701	1	730	0
20012562524	1	1096	0
26388152101	1	455	0
744809001	1	204	600000005
744809001	0	35	600000003
744809001	0	359	0
744809001	0	500	600000010
26535584701	1	729	0
26396410602	0	158	600000005
26396410602	1	404	600000007
26396410602	0	170	0
20006427993	1	1096	0
1402822702	1	599	600000005
1402822702	0	144	600000003
1402822702	0	114	0
1402822702	0	119	600000006
1120592601	0	100	600000007
1120592601	0	26	600000006	600000009
1120592601	1	56	600000005
1120592601	0	30	600000006	600000010
1120592601	0	114	600000010
1120592601	0	161	600000005	600000010
1120592601	0	36	600000005	600000006
1120592601	1	214	600000005	600000006	600000010
26535182503	1	730	0
25446191106	1	1004	0
20018172711	2	974	0
26353610001	0	698	0
26353610001	1	32	600000010
25434380001	1	1339	0
20018803044	0	47	0
20018803044	1	198	600000010
20018803044	0	62	600000008
20018803044	0	62	600000008	600000010
173427301	0	460	600000007
173427301	1	382	600000010
173427301	0	255	600000007	600000010
25295179901	1	730	0
26395223501	1	424	0
25445179801	1	1307	0
25450601201	0	31	600000006	600000010
25450601201	0	19	0
25450601201	0	68	600000001	600000006
25450601201	1	50	600000010
25450601201	0	809	600000006
20016248245	0	20	600000001
20016248245	0	126	600000001	600000003
20016248245	1	37	0
20000233628	0	327	600000001	600000009
20000233628	1	48	600000001
20000233628	0	23	600000009
20000233628	0	37	600000001	600000006
20000233628	0	42	600000001	600000005
20000233628	0	31	600000006
20000233628	0	103	600000005	600000009
20000233628	0	5	600000006	600000009
20000233628	0	14	600000005	600000006	600000009
20000233628	0	18	600000003	600000005	600000006	600000009
20000233628	0	181	0
25430648001	0	38	600000001	600000010
25430648001	1	583	600000001
25430648001	0	150	600000010
25430648001	0	144	600000001	600000006	600000010
26507267401	2	224	600000007
26507267401	0	142	0
26232493601	1	395	0
26382047201	1	730	0
26537016105	1	730	0
20000944484	1	913	0
25432086401	6	1339	0
25051918302	1	1036	0
946294004	0	20	600000001
946294004	1	282	0
946294004	0	582	600000001	600000008
25062880101	1	1036	0
244097001	1	549	0
25431750901	1	365	600000006
20018693405	1	814	0
20018693405	0	254	600000009
26423878401	1	729	0
25069823301	1	1036	0
26481077302	1	730	0
26426439301	1	729	0
52505401	1	640	600000005
52505401	0	244	0
25434092502	1	1308	0
20010161978	1	425	0
26537490702	3	730	0
26379756201	3	455	0
20015204259	1	684	600000005
20015204259	0	16	600000001
20015204259	0	274	600000001	600000005
20015204259	0	125	0
26364770102	1	730	0
26394395001	1	730	0
26527669801	1	729	0
25044331002	1	1036	0
25381450701	1	791	0
26568729504	1	365	0
20008762998	0	130	600000005
20008762998	1	267	0
25443424801	1	294	0
25443424801	1	465	600000010
25450463201	3	363	600000003
25450463201	2	332	0
20013426505	0	347	600000004
20013426505	1	563	600000004	600000006
20013426505	0	96	600000006
243684901	1	549	0
26548901602	1	482	0
26548901602	0	190	600000010
26375821204	1	730	0
20006061449	0	160	600000007
20006061449	0	608	600000001
20006061449	1	330	600000006
544296303	0	99	600000001
544296303	2	451	0
26556641001	1	83	0
25095347402	1	1036	0
20007939929	1	214	600000004
26425179203	3	729	0
26395228201	1	607	0
26358949301	0	33	600000005
26358949301	0	71	600000001
26358949301	1	424	0
26358949301	0	80	600000001	600000006
26358949301	0	125	600000001	600000005
20003885057	0	313	0
20003885057	1	784	600000010
25021604202	0	117	600000005
25021604202	2	920	600000001
25436334001	1	943	0
244191301	0	90	0
244191301	1	399	600000006
20004649679	0	43	600000001
20004649679	1	944	600000001	600000003
20004649679	0	111	600000001	600000008
26426674701	1	729	0
25440929103	1	1339	0
25449194101	0	56	600000007
25449194101	2	676	600000001	600000007
25449194101	0	38	600000006	600000007
25449194101	0	570	600000001	600000006	600000007
26364240801	2	730	0
707434201	2	883	600000007
26377931501	1	730	0
20004634573	3	729	0
26502401601	0	50	0
26502401601	5	607	600000008
26502401601	0	10	600000006
26502401601	0	66	600000003	600000006
26479068302	1	730	0
291576601	0	22	600000005
291576601	0	71	600000001	600000005
291576601	0	301	600000001	600000006
291576601	1	158	600000001	600000006	600000010
26448009301	0	271	600000005
26448009301	1	327	600000003
26448009301	0	134	0
20019601155	1	275	0
25448746401	1	698	0
247350201	0	38	600000006	600000010
247350201	0	315	600000001	600000006
247350201	1	198	600000001	600000005	600000006
20000721476	4	304	0
26354585301	3	729	0
26364778001	1	730	0
170880201	0	502	600000005
170880201	2	594	0
26523832801	1	729	0
26461597303	1	730	0
911998302	1	1095	600000005
25438788402	1	578	0
883453601	1	1095	600000007
26399234301	1	730	0
26518103401	1	80	600000001
26518103401	0	356	600000001	600000003
26518103401	0	296	0
25427409001	0	21	600000005
25427409001	2	462	600000005	600000006	600000008
25427409001	0	5	600000005	600000008
25427409001	0	229	600000003	600000005	600000006	600000008
20006712181	0	125	0
20006712181	1	547	600000010
26549186502	1	730	0
26423464501	1	729	0
26370724801	1	730	0
26367117201	3	730	0
26587903201	1	365	0
26232173502	0	27	600000005
26232173502	0	44	600000007
26232173502	1	174	600000005	600000007
20017517009	0	36	600000007
20017517009	0	21	600000005
20017517009	0	101	0
20017517009	4	819	600000005	600000010
945660203	1	59	600000001	600000010
945660203	0	39	600000006	600000010
945660203	0	132	0
945660203	0	67	600000010
945660203	0	346	600000001	600000006	600000010
20015160706	1	1096	0
26375944701	1	730	0
25432746101	1	752	600000001
25432746101	0	588	0
1401929502	0	16	0
1401929502	1	1049	600000006
354985004	1	1095	0
20003228266	0	146	600000001	600000006
20003228266	0	177	600000006	600000007
20003228266	0	32	0
20003228266	1	744	600000006
20011278671	1	306	0
25041198601	1	1036	0
774903301	1	407	600000005
774903301	0	48	600000001
774903301	0	17	0
774903301	0	31	600000001	600000005
774903301	0	20	600000006
774903301	0	31	600000005	600000006
25259570501	1	1036	0
247096601	0	223	600000001	600000006
247096601	1	174	0
1284901	0	72	600000006	600000010
1284901	0	62	0
1284901	0	40	600000010
1284901	0	4	600000005	600000006
1284901	1	283	600000005	600000006	600000010
26484872602	2	730	0
26481983902	1	365	0
26382625701	1	729	0
26398311801	0	377	600000005
26398311801	1	140	600000010
26366473101	1	365	0
26589433505	1	365	0
26399842301	0	33	600000001
26399842301	2	698	600000001	600000006
26379934201	2	699	0
247114901	0	95	600000007
247114901	1	455	0
30155407	1	752	600000001
30155407	0	334	0
1213236701	1	518	600000007
26541915001	1	730	600000001
26421134702	1	729	0
20016204730	0	6	600000003
20016204730	0	102	600000003	600000010
20016204730	0	352	600000009
20016204730	0	98	0
20016204730	1	433	600000010
20016204730	0	110	600000008
25432135001	0	206	600000006	600000010
25432135001	1	116	0
25432135001	0	166	600000006
26469676901	2	668	0
26412153702	1	729	0
25297772602	3	640	0
247370001	0	52	600000007
247370001	1	74	600000005
247370001	0	19	600000005	600000007
247370001	0	94	0
247370001	0	39	600000003	600000005
26445460703	1	730	0
20002618163	0	135	600000003
20002618163	1	290	0
368355101	0	18	600000007
368355101	2	160	600000003
368355101	0	280	600000006	600000007
368355101	0	61	0
368355101	0	3	600000003	600000006
20000869578	1	418	600000005
20000869578	0	41	0
20000869578	0	10	600000008
20000869578	0	264	600000006
20000869578	0	154	600000006	600000008
20002425747	1	1096	0
25431891202	2	937	600000007
25431891202	0	372	0
26484007204	1	364	0
26435094601	2	486	0
742434604	0	40	600000005
742434604	0	93	0
742434604	1	568	600000006
20016173669	1	913	600000005
20016173669	0	184	0
51304202	0	215	600000005
51304202	1	669	0
672102	0	25	600000007
672102	0	65	600000001	600000007
672102	0	16	600000007	600000010
672102	0	94	600000001	600000005	600000007
672102	1	108	600000001	600000007	600000010
25445548601	2	485	0
20017725654	0	6	600000005
20017725654	1	214	600000005	600000009
20017725654	0	41	600000005	600000006
20017725654	0	228	600000005	600000008
20014527869	1	1065	0
25435829401	1	704	600000001
25435829401	0	636	0
32485001	1	1064	0
20007836368	0	777	600000005
20007836368	0	71	600000001
20007836368	0	31	600000001	600000005
20007836368	0	21	0
20007836368	1	200	600000010
121207001	0	31	600000005
121207001	0	8	600000001
121207001	0	44	600000001	600000006
121207001	0	132	600000001	600000005	600000006
121207001	0	48	600000005	600000006
121207001	0	101	600000001	600000005	600000006	600000010
121207001	0	49	600000008
121207001	1	104	600000001	600000006	600000010
121207001	0	40	600000001	600000006	600000009	600000010
20002724931	1	875	0
20002724931	0	83	600000008
20002724931	0	110	600000008	600000010
20010054943	0	3	600000001	600000010
20010054943	0	75	600000006	600000010
20010054943	1	82	600000001	600000006
20010054943	0	424	600000010
20010054943	0	120	600000001	600000006	600000010
20012988138	2	1075	600000001
20012988138	0	22	600000001	600000003
25431905701	1	1339	600000001	600000006
20005377612	0	59	600000005
20005377612	0	13	600000003
20005377612	0	58	0
20005377612	0	104	600000003	600000005
20005377612	0	22	600000005	600000010
20005377612	0	33	600000005	600000009
20005377612	1	52	600000003	600000005	600000010
26368213202	1	730	0
246825101	1	527	600000001
246825101	0	23	0
25431315901	1	639	0
127798403	0	84	600000005
127798403	1	800	600000005	600000010
25484078901	1	640	0
25044254901	1	1036	600000006
25434365901	9	1216	0
20017678041	1	90	0
26590257801	0	13	0
26590257801	2	110	600000008
20011932018	1	89	600000005
20011932018	0	106	600000008
20011932018	0	21	600000005	600000008
20002040997	1	798	600000005
20002040997	0	236	0
25027563802	1	529	600000001	600000009
25027563802	0	25	600000001
25027563802	0	10	600000009
25027563802	0	79	0
26423498301	1	729	0
20018474621	1	943	0
25263535301	0	314	600000005
25263535301	0	148	600000003
25263535301	1	576	0
20001014397	0	13	600000003
20001014397	0	343	0
20001014397	1	591	600000010
25447552601	1	821	0
26433020801	1	607	0
248314501	1	549	0
25431874901	0	24	600000006	600000010
25431874901	1	91	600000001	600000006	600000008	600000010
25431874901	0	159	600000001	600000006
25431874901	0	145	600000001	600000008
25431874901	0	15	600000010
25431874901	0	438	600000008
25431874901	0	473	600000001	600000006	600000010
26459314701	1	730	600000006
645837201	1	341	600000001	600000010
645837201	0	274	600000001
645837201	0	25	0
26490731201	1	730	0
244601601	2	549	600000001	600000007	600000010
20001399616	0	603	0
20001399616	1	414	600000010
20001399616	2	81	600000006
25431392501	0	171	600000005
25431392501	0	28	0
25431392501	1	46	600000006
25431392501	0	31	600000005	600000006
25439760401	0	1184	600000005
25439760401	1	156	600000009
25435991202	1	535	600000009
25435991202	0	805	0
20011330978	1	979	0
544258705	0	5	600000001
544258705	0	91	600000001	600000006
544258705	1	455	600000006
20016979962	2	209	600000005
20016979962	0	242	0
20016979962	0	647	600000010
25431322802	1	312	600000005
25431322802	0	85	0
20008694933	1	365	0
26420321402	1	729	0
2495203	1	549	0
948002102	1	1095	0
20008005691	0	24	600000004
20008005691	0	81	600000003	600000004
20008005691	0	10	0
20008005691	1	224	600000004	600000008
25020638402	1	1036	0
20008263380	1	270	600000004
20008263380	0	16	600000005
20008263380	0	41	600000004	600000009
20008263380	0	273	0
20008263380	0	13	600000004	600000005
20010522887	1	93	600000005
20010522887	1	92	0
26420390901	1	729	0
25437480001	2	973	600000007
25437480001	0	121	0
26426691501	1	729	0
20001332870	2	369	0
20001332870	0	547	600000008
25045783802	3	1036	0
20006483588	0	30	600000005
20006483588	0	742	600000004
20006483588	1	326	600000004	600000005
26460713001	1	730	600000001
20010205712	1	1032	600000005
20010205712	0	34	0
25431991302	2	1339	0
354623904	1	656	0
26371901301	5	730	0
26534478601	1	730	0
26364909702	1	730	0
25432056001	1	1127	0
368394403	0	26	600000005
368394403	0	556	600000007
368394403	0	41	0
368394403	0	66	600000010
368394403	2	229	600000007	600000010
25383420701	0	168	600000005
25383420701	2	290	600000005	600000009
26547621302	1	610	0
565702601	2	160	600000001
565702601	1	114	0
26372638001	1	730	0
244429201	0	23	600000001
244429201	0	255	0
244429201	1	95	600000001	600000006
244429201	0	92	600000006
244429201	0	12	600000001	600000005	600000006
244429201	0	77	600000005	600000006
1749049501	3	334	0
20001058897	0	50	600000004
20001058897	0	60	600000001	600000004	600000006
20001058897	0	40	600000004	600000006
20001058897	1	397	600000001	600000004	600000006	600000009
20001058897	0	29	600000001	600000006	600000009
20001058897	0	511	600000001	600000003	600000004	600000006
20001058897	0	15	600000006
244419301	2	196	600000005
244419301	0	232	0
1213501	1	529	600000005
1213501	0	21	0
26402156502	1	729	600000001
26402156502	0	2	0
25450496301	1	214	0
26372273001	1	730	0
20015342909	0	39	600000005
20015342909	1	143	0
26429774602	2	729	0
25431390802	0	549	600000005
25431390802	0	30	0
25431390802	1	274	600000005	600000009
26381490901	1	729	0
26364362401	1	730	0
25432952002	2	607	0
26399020902	1	313	600000007
26399020902	0	418	0
26488044201	5	730	0
20010199865	4	982	600000005
20010199865	0	115	0
26398663101	0	73	0
26398663101	1	268	600000009
26398663101	0	360	600000010
25439397001	1	1339	0
274384902	2	507	600000007
274384902	0	39	600000003
274384902	0	157	0
274384902	0	183	600000008
20001266360	0	130	600000005
20001266360	0	32	0
20001266360	0	318	600000003	600000005
20001266360	1	277	600000005	600000010
20001266360	0	343	600000005	600000009
945845602	1	586	600000005
945845602	1	266	600000005	600000007
945845602	0	64	600000003	600000005
25440155001	2	1339	0
20002880032	0	173	600000005
20002880032	1	468	600000005	600000008
1096250003	1	560	600000003
1096250003	0	51	0
25054306801	2	1036	0
26413019002	1	486	0
25435947701	1	637	0
20009343654	0	515	0
20009343654	1	398	600000006
25259303901	5	1036	0
20012966865	1	164	600000005
20012966865	0	385	600000003	600000005
20012966865	0	63	600000005	600000010
20018894921	1	976	0
26531747502	1	729	0
25070164401	3	1036	0
20017646701	0	363	600000007
20017646701	0	528	600000005
20017646701	2	207	600000010
2380001	0	105	600000001	600000007
2380001	0	119	600000001
2380001	0	24	600000001	600000010
2380001	1	129	600000001	600000005
2380001	0	6	600000010
2380001	0	41	600000001	600000007	600000010
2380001	0	25	600000007
2380001	0	44	600000001	600000005	600000007	600000010
2380001	0	3	600000001	600000005	600000007
2380001	0	62	600000001	600000006	600000007	600000010
20007371131	1	202	600000005
20007371131	0	11	0
26427067901	3	729	0
25431969701	0	21	600000001	600000010
25431969701	1	1304	600000001
25431969701	0	16	0
30935002	1	910	600000007
30935002	1	186	0
26578135301	1	275	0
26395613601	1	730	0
26372564301	1	730	0
20008791439	1	1096	0
20001453550	3	1096	0
26506225202	0	29	600000005
26506225202	1	429	600000005	600000006
25303949201	2	730	0
20010985379	0	616	600000007
20010985379	1	234	0
20010985379	0	248	600000008
20016964425	1	521	600000001
20016964425	0	576	600000001	600000006
26576601601	2	365	0
26501372101	0	31	0
26501372101	1	385	600000010
26501372101	0	287	600000006
26449322601	1	729	0
20012838995	0	129	600000003
20012838995	1	968	600000001
26387474001	1	599	600000001
26387474001	0	132	0
31007501	0	99	600000001
31007501	0	143	600000001	600000006
31007501	1	61	0
31007501	0	65	600000006
25436507802	1	1338	0
26376392301	1	638	0
26539748101	1	730	0
20006959615	1	100	600000004
20006959615	0	620	600000004	600000009
20006959615	0	13	0
20008017070	0	41	600000003
20008017070	0	15	600000005	600000006	600000008
20008017070	0	317	0
20008017070	1	125	600000008
20008017070	0	109	600000006
20008017070	0	4	600000005	600000006
20008017070	0	64	600000006	600000008
26403054601	0	81	600000001	600000003	600000006
26403054601	1	231	600000006
26403054601	0	11	600000003	600000006
26403054601	1	410	600000001	600000003	600000006	600000010
25434920901	2	1339	0
2014901	0	53	600000007
2014901	0	142	600000003
2014901	1	598	0
20014781810	1	986	600000001
20014781810	0	65	600000001	600000005	600000008
20014781810	0	47	600000001	600000005
26460923002	1	730	0
172640401	1	1095	0
26411055902	1	729	0
26379619701	1	699	0
26571779602	3	365	0
26371223002	0	16	600000005
26371223002	1	715	600000001	600000005
25427712901	1	826	0
742127401	1	957	600000007
742127401	0	139	600000005	600000007
26437148701	4	729	0
20013929588	1	273	0
26471608401	1	457	0
247018601	1	291	600000003
247018601	0	259	0
243532701	0	86	0
243532701	1	464	600000005	600000006	600000010
26536017502	3	730	0
26488246203	3	730	0
248474501	1	215	600000003
248474501	0	90	0
25064512201	3	974	0
26517510301	0	405	600000005
26517510301	1	326	0
25435897902	1	1339	0
25431269302	2	876	600000005
25431269302	0	7	0
945932601	1	68	600000001	600000006
945932601	0	168	0
945932601	1	223	600000006
20000678487	1	1092	600000005
20000678487	0	5	0
26399204001	1	730	0
20001876033	0	181	600000001	600000005	600000006
20001876033	1	916	600000005	600000006
26452489701	1	730	0
26415727701	1	729	0
20013138544	1	973	0
26517710802	0	478	600000003
26517710802	0	173	0
26517710802	1	81	600000010
2190701	1	37	600000005
2190701	0	92	600000001	600000005	600000006	600000010
2190701	0	15	600000001	600000005
2190701	0	359	0
2190701	0	50	600000001	600000005	600000006
26451855701	1	729	0
26523337501	0	11	600000001
26523337501	0	126	600000001	600000006
26523337501	0	5	600000010
26523337501	0	154	600000006
26523337501	1	157	600000006	600000010
26523337501	0	121	0
26523337501	0	113	600000001	600000006	600000007
26523337501	0	20	600000001	600000006	600000010
26523337501	0	31	600000001	600000006	600000007	600000010
25429443301	1	700	0
26549940501	0	281	0
26549940501	2	377	600000010
20009348135	4	1096	0
369853001	4	1095	0
20011011284	3	1096	0
20001169300	0	305	600000001
20001169300	0	6	0
20001169300	1	269	600000001	600000006
26550011301	1	326	600000003
26550011301	0	397	0
20003716032	0	9	600000005
20003716032	0	26	600000001	600000005
20003716032	0	156	600000005	600000006
20003716032	0	133	600000001	600000005	600000006
20003716032	1	728	600000001	600000005	600000006	600000008
20003716032	0	49	600000005	600000008
25063281401	1	1036	0
26231992401	1	549	0
244801201	0	227	600000007
244801201	1	187	600000006	600000007	600000010
244801201	0	4	0
244801201	0	55	600000006	600000007
244801201	1	80	600000006
20014780367	0	619	600000004
20014780367	0	27	600000004	600000005
20014780367	1	301	600000004	600000010
20010446133	1	435	0
20010446133	1	113	600000008
20010446133	0	33	600000001	600000008
26374906402	1	730	0
25041006501	2	1036	0
20013245937	1	792	600000001
20019213642	0	183	600000005
20019213642	0	27	600000001	600000005	600000006	600000008	600000010
20019213642	1	34	600000005	600000006	600000007
20019213642	0	309	600000005	600000006	600000008
20019213642	0	18	600000006
20019213642	0	125	600000005	600000006
20019213642	0	6	600000001	600000005	600000006	600000008
20019213642	0	21	0
20019213642	0	9	600000008
20019213642	0	158	600000006	600000008
20019213642	0	92	600000005	600000008
20019401789	0	148	600000005
20019401789	1	221	600000001
20019401789	0	274	0
26451188901	1	729	0
26382420401	2	273	0
26564391201	1	324	0
20003183349	1	132	600000001
20003183349	0	191	0
20003183349	0	104	600000001	600000005
25427877801	0	71	600000005
25427877801	2	415	600000006
20013660331	1	569	600000005
20013660331	0	191	0
20013660331	0	126	600000005	600000010
26416587201	1	729	0
20018974587	2	578	0
247255901	1	548	600000007
247255901	0	2	0
25442189001	3	1308	0
1399860902	0	24	600000003	600000010
1399860902	3	765	600000003
1399860902	0	96	0
1399860902	0	213	600000010
908778301	0	100	600000005
908778301	0	129	600000003
908778301	0	79	600000009
908778301	2	394	0
26492099801	0	348	600000003
26492099801	0	140	600000003	600000010
26492099801	1	244	600000010
25059477202	2	1036	0
839190601	0	56	600000001	600000003
839190601	1	451	600000001	600000003	600000004
839190601	0	225	600000001	600000004
245481601	1	324	600000004
245481601	0	226	0
20000104307	1	1096	0
20015571461	0	385	600000001	600000009
20015571461	1	348	600000001	600000003
20015571461	0	259	600000001
20015571461	0	2	600000001	600000006	600000009
20015571461	0	14	600000001	600000003	600000006	600000009
26360325801	1	682	600000005
26360325801	0	15	0
26360325801	0	35	600000008
20007222826	0	51	600000001	600000009
20007222826	0	18	600000001
20007222826	0	12	600000001	600000003
20007222826	1	42	600000009
25042454405	1	1036	0
245987401	1	147	600000001	600000010
245987401	0	32	600000001
245987401	0	47	600000006	600000010
245987401	0	192	600000001	600000006
245987401	0	3	0
245987401	0	2	600000010
245987401	0	132	600000001	600000006	600000010
26421181301	1	729	0
20016004718	1	609	0
20012420339	0	65	600000005
20012420339	1	331	600000004
20012420339	0	221	600000004	600000008
20012420339	0	178	600000004	600000005
746276302	0	11	600000001	600000003	600000005
746276302	1	177	600000001	600000003
746276302	0	898	600000001
746276302	0	12	600000001	600000005
26421379501	1	729	0
26379018701	1	546	0
26412950101	1	545	0
26482002201	2	729	0
247007101	0	11	600000001
247007101	1	126	600000001	600000006
247007101	0	12	0
247007101	1	388	600000010
247007101	0	16	600000006
20006965931	1	396	600000005
20006965931	0	31	0
1398195202	1	485	0
26437095901	1	729	0
20001592872	1	731	0
25054747701	1	1036	0
1200144102	1	499	0
244691501	2	549	0
26412381905	1	729	0
183132901	0	23	0
183132901	0	562	600000001	600000006
183132901	1	209	600000006
1130965502	1	733	600000005
1130965502	0	90	600000004	600000005
25061541701	1	226	600000005
25061541701	0	533	600000001
25061541701	0	34	0
25038573402	1	1036	0
26370083001	1	730	0
20017225286	1	1096	0
20012796324	0	261	600000005
20012796324	1	25	600000001
20012796324	0	207	600000001	600000003
20012796324	0	309	600000003
20012796324	0	40	600000008
20012796324	0	191	600000006
20012796324	0	69	600000005	600000006
25431405401	0	24	600000007
25431405401	0	208	600000005	600000006	600000007
25431405401	2	467	600000006	600000007
25431405401	2	490	600000006
20000950119	5	718	600000004	600000008
20000950119	0	14	600000008
20002219601	1	274	0
25432774101	1	126	600000001	600000009
25432774101	0	207	600000001
25432774101	0	28	600000009
25432774101	0	7	0
121023401	0	34	600000001
121023401	0	29	600000001	600000005
121023401	0	45	600000001	600000006	600000009
121023401	0	5	600000001	600000006
121023401	0	34	600000010
121023401	0	179	600000006
121023401	0	37	600000001	600000005	600000006
121023401	0	133	600000006	600000010
121023401	1	61	0
26547470301	3	579	600000007	600000008
26481512502	1	730	0
1102987601	3	759	0
26539667001	0	581	600000003
26539667001	1	150	0
25436480601	3	1339	0
26408991901	1	576	0
247484901	1	549	600000001
20008859578	0	29	600000003
20008859578	0	391	600000001
20008859578	0	204	0
20008859578	0	149	600000008
20008859578	1	327	600000010
26532798901	1	729	0
25063615301	2	1036	0
26382963201	2	730	0
25437839604	3	700	0
20000622799	0	20	600000004
20000622799	0	680	600000005
20000622799	0	36	600000001
20000622799	0	183	600000001	600000005
20000622799	0	25	600000003	600000005
20000622799	1	73	600000004	600000005
20000622799	0	85	600000001	600000004
25433794202	1	1339	0
26402209208	2	730	0
25452024501	1	213	0
25441519901	0	116	600000005	600000007	600000008
25441519901	0	38	600000007
25441519901	1	655	600000007	600000008
25441519901	0	487	600000008
25441519901	0	47	600000005	600000008
20003769418	1	1049	600000005
20003769418	0	48	600000005	600000010
20019298861	1	1046	600000005
20019298861	0	51	0
26423011301	1	729	0
26387242401	1	311	600000003
26387242401	1	420	0
246182901	1	549	600000006
20008668561	0	6	600000006	600000010
20008668561	0	561	600000010
20008668561	0	14	600000006
20008668561	0	376	600000001	600000005	600000006
20008668561	1	60	600000005	600000006
20008668561	0	53	600000005	600000006	600000010
20005845576	1	305	0
20017306909	0	249	0
20017306909	1	848	600000010
25449787701	1	252	0
25432302802	1	1339	0
25434682001	0	186	600000005
25434682001	0	23	0
25434682001	0	20	600000006
25434682001	1	1113	600000005	600000006
246742803	0	331	0
246742803	1	219	600000006
26365287901	0	203	600000005
26365287901	1	121	600000009
26365287901	0	336	0
26365287901	1	73	600000010
245739104	2	549	600000007
20005922407	1	739	600000005
20005922407	0	113	0
26441080301	1	729	0
20015435793	1	1096	0
26525098801	1	605	600000001
26525098801	0	23	0
26525098801	0	104	600000001	600000005
26386682201	0	125	600000006	600000007
26386682201	3	606	600000006
20006540722	0	462	600000001
20006540722	0	28	600000001	600000010
20006540722	1	31	600000001	600000006	600000008	600000010
20006540722	1	115	600000001	600000008
20006540722	0	35	600000001	600000006	600000008
20006540722	0	274	0
20006540722	1	124	600000008
20006540722	0	3	600000001	600000006	600000010
25430929901	1	365	0
26540273401	1	730	0
26484974101	1	729	0
247474901	0	83	0
247474901	0	28	600000006
247474901	1	165	600000005	600000006
20016619253	0	301	600000005
20016619253	0	273	600000001
20016619253	0	178	600000001	600000006
20016619253	0	24	600000006
20016619253	0	47	600000005	600000006
20016619253	1	184	600000001	600000005	600000006
20016619253	0	10	0
20016619253	0	86	600000008
26485986502	1	730	0
26383293101	4	730	0
534944701	1	549	600000001
26420683701	1	729	0
25057638101	2	1036	0
1022283201	1	863	0
26430389305	2	729	0
20006873677	1	701	600000005
20006873677	0	365	0
25433935704	2	1186	0
25442610301	0	99	600000003
25442610301	1	1241	0
26427325702	1	729	0
25435898301	1	1339	0
26375709501	1	730	0
20008321373	1	763	0
20008321373	0	334	600000006
25043550901	1	1036	0
26460660202	1	418	600000005
26460660202	2	313	0
26421039601	2	729	0
25066380201	1	1036	0
25097542802	1	1036	0
20015075684	1	1096	600000005
26533015801	1	484	0
25438049201	1	1155	0
1286644401	1	333	0
26387455001	1	730	600000001
26383256101	1	729	0
26373125301	1	730	0
20003742108	1	274	0
26439164601	1	486	0
1403727401	0	747	600000003
1403727401	1	349	0
20002798963	1	886	600000005
20002798963	0	211	0
25431149002	6	1339	0
20016693920	2	1096	0
26538593004	1	730	0
368468201	0	19	600000003
368468201	0	11	600000003	600000007
368468201	0	8	0
368468201	1	846	600000006	600000007
368468201	0	34	600000006
26394871402	1	730	0
26521142502	0	222	600000005
26521142502	2	194	600000003
26521142502	1	10	0
29283602	1	689	600000005
29283602	0	407	600000001
26453319501	1	518	0
20012899953	1	477	600000005
20012899953	0	95	0
20012899953	0	183	600000008
20012899953	0	71	600000005	600000008
246482501	1	28	600000003
246482501	0	277	0
246482501	0	122	600000006
246482501	0	125	600000003	600000006
26599469402	1	122	0
26421481501	1	729	0
20012620522	1	943	0
26386099801	1	689	600000005
26386099801	0	42	0
26382573901	2	698	0
20001813270	1	181	0
25044107201	1	1036	0
26384859101	0	415	600000005
26384859101	0	173	600000001
26384859101	2	144	0
26426128601	1	729	0
26415339301	1	729	0
26376309501	1	730	0
649702	1	549	600000001
25431385902	1	971	600000003
25431385902	0	369	0
20010571160	0	366	600000005
20010571160	1	731	0
25059512201	1	1036	0
25059602501	2	1036	0
25435779304	1	1339	0
26372917801	1	730	0
55242501	0	176	600000007
55242501	1	24	600000003
55242501	0	336	0
55242501	0	350	600000003	600000007
243591801	0	393	600000007
243591801	1	151	600000001	600000007
243591801	0	3	600000001
243591801	0	5	0
20015875205	1	125	600000001	600000010
20015875205	0	86	600000001	600000003
20015875205	0	347	600000001
20015875205	0	541	600000001	600000005
20008842874	0	429	600000007
20008842874	0	49	600000001
20008842874	1	89	600000001	600000005
20008842874	0	28	0
20008842874	0	42	600000010
20008842874	0	39	600000005	600000010
25065450401	0	432	0
25065450401	1	605	600000006
26531936701	3	729	0
26392445502	1	730	0
20005913949	1	111	600000004
20005913949	0	71	600000009
20008699275	0	490	0
20008699275	0	121	600000006
20008699275	1	487	600000005	600000006
26418364702	1	729	0
25437541901	0	916	0
25437541901	1	424	600000010
26491548102	0	6	600000003
26491548102	0	185	0
26491548102	1	244	600000010
26491548102	0	212	600000006
26491548102	0	87	600000003	600000006
26421811102	1	607	0
25432393802	1	1339	0
26489697403	3	708	600000003	600000006	600000010
26489697403	0	12	600000003
26489697403	0	5	0
26489697403	0	8	600000003	600000006
25434687903	1	1096	0
26366595902	1	485	0
20001906263	1	490	600000001
20001906263	0	119	0
121265701	0	146	600000001
121265701	3	320	600000001	600000010
121265701	1	85	600000010
26489584301	1	669	0
26431797901	1	182	0
248073901	1	25	600000001
248073901	0	525	600000001	600000006
26403235501	0	230	0
26403235501	2	501	600000010
25038721901	0	47	600000001
25038721901	3	638	600000001	600000006
25038721901	0	113	600000001	600000008
25038721901	0	97	600000006
25038721901	0	115	600000001	600000006	600000008
25038721901	0	31	600000006	600000008
25432770701	1	1339	0
26597329302	3	267	0
26414529901	1	729	0
25041128002	1	1036	0
997557401	3	509	0
997557401	0	520	600000006
20019139839	1	974	600000001
26522124301	1	730	0
20013198031	1	1096	600000001
25434723201	3	1339	0
26361359901	0	7	600000005
26361359901	0	81	600000006	600000010
26361359901	0	6	600000006
26361359901	0	18	600000005	600000010
26361359901	1	76	600000005	600000006
26361359901	0	547	600000005	600000006	600000010
26382193801	1	730	0
20018152290	1	631	600000007
20018152290	0	466	600000003	600000007
25432481302	1	395	0
572439202	4	1095	0
20010477194	0	573	600000003
20010477194	1	485	0
20010477194	0	40	600000009
20003384930	2	1096	0
52283705	1	163	600000001	600000010
52283705	0	602	600000001
52283705	0	99	600000001	600000005
52283705	0	22	0
1103455001	0	319	600000005
1103455001	1	32	0
1103455001	0	25	600000010
1103455001	0	65	600000005	600000010
25071349201	1	1036	0
20010738548	1	1096	0
26429504101	1	273	0
53036202	1	151	600000001	600000003	600000010
53036202	0	43	600000001
53036202	1	562	600000001	600000010
53036202	0	8	600000010
975971202	0	24	600000005
975971202	1	860	600000001	600000005
20016998027	0	35	600000003
20016998027	1	1000	0
26458973202	1	729	0
26450378401	1	730	600000001
20003379513	1	395	0
26372751002	1	730	0
183110501	0	39	600000001
183110501	0	143	600000001	600000005	600000006	600000007
183110501	0	2	600000001	600000005
183110501	0	24	600000001	600000006	600000007
183110501	2	710	600000001	600000005	600000006
2122801	0	328	600000005
2122801	1	100	0
26463962501	1	243	0
26471677601	0	12	600000005
26471677601	1	543	600000001	600000005	600000008
26471677601	0	27	600000003	600000005	600000008
26471677601	0	7	600000008
26471677601	0	145	600000005	600000008
2614101	1	549	0
20009756789	0	344	600000004
20009756789	0	318	600000003
20009756789	0	346	0
20009756789	1	91	600000010
26482138702	0	103	600000005
26482138702	1	202	600000005	600000006
25432503603	1	1339	0
561345001	0	238	600000006
561345001	1	312	600000005	600000006
25217974001	0	748	600000005
25217974001	0	5	0
25217974001	1	10	600000010
25217974001	0	31	600000005	600000010
25063235501	2	832	600000006
243529601	0	12	600000005
243529601	0	48	0
243529601	0	4	600000009
243529601	1	31	600000005	600000009
246581001	0	53	600000005
246581001	0	212	600000005	600000007
246581001	0	68	600000001	600000005	600000008
246581001	0	95	0
246581001	0	30	600000005	600000006
246581001	2	66	600000001	600000005	600000006
246581001	0	31	600000001	600000005	600000007	600000008
20007371181	1	1065	0
20002089548	1	1096	0
25074103202	3	1036	0
26518520401	0	348	600000001
26518520401	1	261	600000001	600000005
26518520401	0	123	600000001	600000008
369763105	1	1095	0
3142002	0	119	0
3142002	1	307	600000010
3142002	0	125	600000006
20000399523	1	392	0
26359483002	3	537	600000005
26359483002	0	192	0
25066804201	1	476	600000005
25066804201	0	30	600000003	600000005	600000008
25066804201	0	77	600000008
25066804201	0	220	600000003	600000008
25066804201	0	237	600000005	600000008
26400166903	1	730	0
2057102	1	457	0
25259722201	1	275	0
20004749220	1	911	600000005
20004749220	0	186	0
248353501	0	50	0
248353501	1	460	600000010
248353501	1	41	600000005	600000010
20004303164	1	155	600000005
20004303164	0	455	0
25431396001	1	174	600000005
25431396001	0	97	0
25431396001	2	858	600000005	600000010
26415110802	1	729	0
25434811601	1	974	0
26351045702	1	730	0
244026301	2	243	0
2942903	0	46	600000001
2942903	1	443	600000010
2942903	0	62	600000005	600000010
29305701	1	515	0
20001926200	0	7	600000001
20001926200	0	5	600000006	600000010
20001926200	0	158	0
20001926200	0	3	600000010
20001926200	1	292	600000001	600000006	600000007
20001926200	0	29	600000001	600000006	600000010
20001926200	0	29	600000001	600000006	600000007	600000010
26570306001	0	51	0
26570306001	1	256	600000006
26533360404	1	729	0
172861101	1	879	600000003
172861101	0	217	0
25442028301	1	1326	600000007
25442028301	0	14	0
26373695201	7	730	0
32450702	0	44	600000001	600000010
32450702	0	19	600000006	600000010
32450702	0	17	600000001	600000006
32450702	0	31	600000010
32450702	2	893	600000001	600000006	600000010
32450702	0	96	600000001	600000003	600000006	600000010
243481201	1	549	0
26418159001	2	729	0
355160301	4	1095	600000006
20003767932	0	62	600000001	600000003
20003767932	0	24	600000001
20003767932	0	416	600000001	600000006
20003767932	1	580	0
20003767932	0	18	600000006
25432110801	1	1339	0
26392263202	1	602	0
502783201	0	8	0
502783201	4	1088	600000010
26584635406	1	365	0
26470880101	1	730	600000006
20008516000	1	1096	600000004
25448137802	0	34	600000001	600000004	600000006
25448137802	0	56	600000001
25448137802	0	38	600000001	600000010
25448137802	0	14	600000001	600000006
25448137802	0	31	600000001	600000004	600000006	600000010
25448137802	0	25	600000001	600000006	600000010
25448137802	3	536	600000001	600000004
26380952102	1	698	0
26535359301	1	729	0
25038512101	2	356	600000001	600000006
25038512101	0	10	600000006
25021825202	1	1036	0
26371340302	1	730	0
25046345901	4	610	0
26351064001	0	236	600000001
26351064001	1	71	600000001	600000010
26351064001	0	424	0
32323002	1	103	600000007
32323002	0	14	600000005
32323002	0	211	600000007	600000008
32323002	1	689	0
32323002	0	82	600000008
25450717401	1	366	0
26396303901	2	131	600000007
26396303901	0	44	0
26396303901	0	557	600000008
26508715301	2	729	0
26368665301	1	693	0
26395684101	1	730	0
2665103	0	270	600000005
2665103	2	629	600000004
2665103	0	17	0
153701	1	549	600000006
20000059326	0	46	600000003
20000059326	1	931	0
26374081201	1	546	0
29573501	1	617	600000001	600000006
29573501	0	2	0
29573501	0	23	600000006
26374888002	1	730	0
25046830401	2	1036	0
26382369501	2	729	0
26361673001	1	728	0
26429302301	1	729	0
20015141288	2	966	600000005
20015141288	0	38	0
26359940901	1	729	0
26489673201	1	729	0
20004227889	1	731	0
26415825301	1	729	0
959682201	1	1095	0
20015896198	4	601	0
20015896198	0	68	600000009
20015896198	1	33	600000010
25436086702	1	1339	0
26407088801	1	730	0
25079622402	0	66	600000005
25079622402	0	281	600000007
25079622402	2	191	600000005	600000007	600000008
25079622402	0	460	600000005	600000007
25079622402	0	42	600000008
30577402	0	23	600000001	600000004	600000010
30577402	0	392	600000001	600000005	600000010
30577402	1	442	600000001	600000004	600000005	600000010
30577402	0	77	600000001
30577402	0	165	600000001	600000010
25045345402	0	14	600000004
25045345402	2	262	600000004	600000010
20002099582	1	700	0
20017084107	1	1072	600000005
20017084107	1	25	0
502706001	1	272	600000005
502706001	0	71	600000006
502706001	1	754	600000005	600000006
25441138001	1	789	0
25054324001	1	1036	0
25456298901	1	184	600000007
25456298901	0	183	600000006	600000007
20014093172	1	1096	0
244955701	2	549	0
20019266975	2	935	600000005
20019266975	0	46	600000003
20019266975	0	117	0
26422371303	1	729	0
20003574054	1	428	600000001	600000005	600000008
20003574054	0	462	600000001	600000008
20003574054	0	208	600000001	600000003	600000008
20010834978	1	1004	0
20018955245	1	517	0
26430079402	1	729	0
25045353601	2	382	0
25069427902	1	717	0
25432504301	1	1339	0
26413427601	1	729	0
244974101	0	280	600000003
244974101	1	270	0
26551783101	1	212	0
26377135501	2	730	0
977302	0	11	600000005
977302	0	190	600000001
977302	0	27	0
977302	1	295	600000001	600000005
977302	0	30	600000010
2359403	1	392	600000005
2359403	0	158	600000005	600000010
26539487302	1	730	600000005
26482284901	2	729	0
26367413103	1	730	0
20005749872	1	1096	0
25431391601	3	1310	0
26401726601	1	650	600000005
26401726601	0	78	600000003
26401726601	0	4	0
26611999801	1	245	0
172530901	0	257	600000006	600000010
172530901	0	27	0
172530901	1	538	600000010
172530901	0	14	600000005	600000009	600000010
172530901	0	79	600000005	600000010
172530901	0	32	600000009	600000010
26553216201	2	516	0
25431906001	1	50	600000001
25431906001	2	211	600000001	600000006
25431906001	0	49	600000005	600000006
25431906001	1	90	600000001	600000005	600000006
26514979902	1	487	0
26489853002	1	729	0
68089202	1	549	0
26538487501	1	729	0
26373646801	1	699	0
26469927401	1	334	600000010
1398990202	1	1095	0
20016086005	0	515	600000003
20016086005	1	582	0
26352838306	1	728	0
645811201	1	1095	600000001	600000006
246592701	2	339	600000005
246592701	0	211	0
20016861137	3	1096	0
26456473601	1	698	0
20010806499	0	679	600000005
20010806499	1	143	600000003	600000005
26389743901	1	37	600000003	600000010
26389743901	0	464	600000001
26389743901	0	17	600000010
26389743901	0	215	600000006
247205803	1	549	600000005
25065091201	4	1036	0
20001549796	0	79	600000005
20001549796	0	99	600000001
20001549796	0	507	600000009
20001549796	0	47	0
20001549796	1	81	600000010
20001549796	0	288	600000009	600000010
26383613202	1	730	0
26481325302	1	609	0
25077171104	1	1036	0
1355801	1	252	600000007
1355801	0	298	600000010
25022822902	1	275	0
48030203	1	761	0
25075801702	1	1036	0
20005955289	1	1003	0
26402268603	1	730	0
25045742501	3	1036	0
26440067001	1	515	0
247373602	1	330	600000007
247373602	0	6	0
1398281601	1	242	600000001	600000006
20003838854	0	22	600000008
20003838854	2	1075	600000005	600000008
20005641989	1	1065	0
32821002	1	831	0
32821002	0	62	600000010
20007693572	1	516	0
20012042272	1	982	600000001
20012042272	0	54	0
20003599737	1	913	600000005
20003599737	0	184	0
20006213344	1	1096	0
25038367201	1	1005	0
26509508303	1	426	0
26409463701	1	729	0
26363042801	4	730	0
25431912802	1	1338	0
26524628501	1	304	0
25436744402	0	380	600000005
25436744402	0	28	600000010
25436744402	0	126	600000008
25436744402	0	31	600000005	600000010
25436744402	0	153	600000006
25436744402	0	26	600000005	600000006
25436744402	4	601	600000005	600000008
26361922901	1	554	600000005
26361922901	0	24	0
246852101	1	468	600000006
246852101	1	82	600000005	600000006
1022495201	0	13	600000005
1022495201	0	2	600000008
1022495201	3	488	600000005	600000008
25431134801	0	21	600000003	600000005	600000006
25431134801	0	54	0
25431134801	1	815	600000006
25431134801	0	419	600000003	600000006
25431134801	0	34	600000005	600000006
26552060802	1	730	0
25061605001	1	914	0
26378720101	0	214	0
26378720101	1	120	600000006
20016080866	0	456	600000005
20016080866	1	365	0
20009502741	1	423	600000005
20009502741	0	2	0
20009502741	0	155	600000005	600000006
26436576603	1	729	0
25437245303	1	974	600000005
25437245303	0	366	0
26398674602	2	730	0
20001141383	1	762	0
2380303	3	549	0
26398836202	0	160	0
26398836202	1	571	600000010
26414490802	1	729	0
25437443801	1	151	0
26476730502	0	4	600000003
26476730502	1	219	600000006
26476730502	0	266	600000003	600000006
26485171001	0	482	600000005
26485171001	0	111	0
26485171001	1	139	600000010
20006595851	2	429	600000006	600000007
20006595851	0	272	600000006
20010736771	0	36	600000001	600000005	600000008
20010736771	1	504	600000001
20010736771	0	131	600000001	600000005
20010736771	0	63	600000001	600000008
20012604310	0	24	600000005
20012604310	0	27	600000003	600000005	600000006	600000010
20012604310	0	24	600000006
20012604310	0	20	600000005	600000010
20012604310	0	182	600000005	600000006
20012604310	1	520	600000005	600000006	600000010
20017035343	1	1096	0
296893301	0	41	600000005
296893301	2	1055	0
20008469922	0	3	600000005
20008469922	0	422	600000007
20008469922	0	42	600000005	600000007
20008469922	0	407	600000003
20008469922	0	37	0
20008469922	1	190	600000005	600000008
26467840501	1	428	600000005
26467840501	0	42	600000003
26467840501	0	78	0
26413950101	2	729	0
26401792002	0	55	600000003	600000006	600000010
26401792002	1	145	600000006	600000010
26401792002	0	7	0
26401792002	0	526	600000006
26370149101	1	730	0
26365880201	1	730	0
25059145601	2	1036	0
25434475202	1	292	600000001
25434475202	0	318	0
20003643547	0	172	0
20003643547	0	159	600000010
20003643547	2	767	600000008
25042092801	1	1036	0
20015003613	1	489	600000006	600000010
20015003613	0	317	600000001
20015003613	0	190	600000001	600000006
20015003613	1	87	600000010
20015003613	0	17	600000006
244720201	1	227	600000001
244720201	0	231	0
26375557701	2	730	0
20003417314	3	604	600000005
20003417314	0	192	600000003
20003417314	0	252	0
20003417314	0	51	600000003	600000005
20006995498	1	1096	0
246151601	0	78	0
246151601	1	472	600000008
26430048301	2	243	0
26563614201	1	245	0
26364992001	2	577	0
26478521002	1	730	0
535141903	0	20	600000005
535141903	1	197	600000007
535141903	0	334	0
26439149401	1	290	600000003
26439149401	0	173	600000001
26439149401	0	269	0
584871104	0	490	600000003
584871104	1	60	600000010
25453465301	1	421	0
25453465301	0	90	600000006
25453465301	0	99	600000006	600000008
26416383301	1	729	0
20016224854	0	158	600000005
20016224854	0	4	0
20016224854	0	185	600000001	600000005
20016224854	1	234	600000005	600000009
26415119001	1	729	0
300141802	1	1057	600000005
300141802	0	39	0
20010138465	0	113	600000003
20010138465	1	375	0
26383316301	1	730	0
25060629702	1	1036	0
25436885203	6	851	0
26477706101	1	730	0
25444436601	1	1338	0
1403272002	2	357	600000001
1403272002	0	739	600000001	600000005
20007477973	1	1096	0
26399408801	1	730	600000005
20001230171	0	232	600000007
20001230171	1	693	600000006	600000007
20001230171	0	173	600000006
26550943401	1	694	600000001
26550943401	0	37	0
26379196201	1	577	0
26522563802	1	365	0
20005723460	0	272	0
20005723460	1	372	600000001	600000006
20005723460	0	454	600000001	600000006	600000008
20017504172	0	345	0
20017504172	1	726	600000006
20017504172	0	27	600000003	600000006
26450259701	2	730	0
552335904	0	406	600000005
552335904	2	478	0
20014370627	0	16	600000001
20014370627	0	100	600000001	600000006
20014370627	1	83	600000006
20014370627	0	5	600000005	600000006
20014370627	0	36	600000001	600000005	600000006
20014370627	0	150	600000001	600000003	600000006	600000007
20014370627	0	52	600000001	600000005	600000006	600000007
20014370627	0	46	600000006	600000007
20014370627	0	616	600000001	600000006	600000007
25435786101	0	669	600000005
25435786101	0	477	0
25435786101	1	163	600000010
26368634001	1	730	0
243778302	0	49	600000005
243778302	0	3	0
243778302	0	37	600000009
243778302	1	382	600000001	600000006
243778302	0	21	600000001	600000005	600000006
26371843001	1	730	0
20002149067	0	157	600000005
20002149067	1	178	0
20007728699	1	56	600000007
20007728699	1	889	600000007	600000008
20007728699	0	90	600000008
25431727801	1	1186	0
25451091102	1	778	0
20014184444	1	396	600000009
26416595601	1	729	0
244050703	0	505	600000001
244050703	1	45	0
25445858401	1	731	0
26381537301	1	730	0
20011238626	1	1096	0
1023118102	1	932	0
25432213501	1	829	600000007
25432213501	0	129	600000003
25432213501	0	383	0
25433727501	1	1308	0
26438351401	0	77	600000005
26438351401	1	356	600000001
26438351401	1	267	600000001	600000005
26438351401	0	33	0
1400006201	0	476	600000005
1400006201	0	34	600000003
1400006201	0	12	0
1400006201	1	240	600000008
1400006201	0	31	600000003	600000008
26530965701	3	486	0
26477095802	2	522	600000001
26477095802	0	209	0
773964501	1	435	600000001	600000009
773964501	0	55	600000001
773964501	0	32	0
773964501	0	30	600000009
25450384001	1	940	0
246563401	0	30	600000005
246563401	1	107	600000006	600000010
246563401	0	5	600000006
246563401	0	410	600000006	600000008
26426266402	2	729	0
26151942401	0	2	0
26151942401	1	398	600000010
20004222387	1	1096	600000007
20002372333	0	9	600000006
20002372333	1	1088	600000005	600000006
20000681856	0	232	600000005
20000681856	0	723	600000003	600000005
20000681856	1	143	600000005	600000009
26489410101	1	243	0
25433287701	1	1186	0
28602002	0	194	600000005
28602002	1	686	0
28602002	1	179	600000009
28602002	0	29	600000006
28602002	0	11	600000005	600000006
26394680201	1	90	0
26449845401	1	729	0
244089001	0	5	600000005
244089001	0	64	600000006	600000009
244089001	0	10	0
244089001	3	193	600000006
244089001	0	281	600000005	600000006
26369370404	1	695	0
20011375696	0	216	600000003
20011375696	0	205	0
20011375696	1	677	600000009
20017089206	0	6	600000005
20017089206	1	1027	600000008
20017089206	0	65	600000005	600000008
26385599101	3	730	0
1400677801	2	730	0
25434279705	1	1339	0
1396896201	0	629	600000005
1396896201	0	71	600000003
1396896201	1	365	0
26488782601	0	3	600000005
26488782601	2	728	600000005	600000007
25447018301	1	335	0
26435464501	1	729	0
26512643001	1	697	0
26405982801	1	160	0
26405982801	0	326	600000008
26353559901	0	236	600000003
26353559901	0	47	0
26353559901	1	388	600000010
20005089040	0	16	600000007
20005089040	0	112	600000005
20005089040	1	451	600000005	600000006	600000007
20005089040	0	98	600000005	600000007
20005089040	0	305	600000006	600000007
20005089040	0	82	600000006
20005089040	0	38	600000005	600000006
26385214902	3	554	600000005
26385214902	0	177	0
20004805250	0	22	0
20004805250	0	126	600000008
20004805250	1	950	600000001	600000008
200167103	0	7	600000005
200167103	0	4	600000008
200167103	1	234	600000005	600000008
26448163301	2	729	0
369494102	0	14	600000007
369494102	0	470	600000003
369494102	1	542	600000010
369494102	0	72	600000007	600000010
25386304701	1	426	0
245372303	1	530	600000001
245372303	0	20	0
25436793401	1	244	0
25436793401	0	304	600000009
26426640001	3	729	0
25450168001	0	100	600000001
25450168001	1	598	600000001	600000006
25450168001	0	179	0
25450168001	0	68	600000006
25048009302	1	1036	0
26369962001	1	638	0
25452840203	1	213	0
20018862936	0	25	600000005
20018862936	1	738	0
26538864801	3	729	0
26401048104	0	512	600000003
26401048104	1	219	0
26458941703	1	730	0
26541733401	1	729	0
26533789301	1	729	0
26526163601	2	446	600000001
26526163601	0	200	0
26526163601	0	86	600000001	600000005
26437477702	1	548	600000003
26437477702	0	183	0
2314001	1	337	600000005
2314001	0	127	600000001
2314001	0	26	0
2314001	0	31	600000001	600000005
25442082102	1	1323	600000001
25442082102	0	17	0
26363505802	1	724	0
25436086102	1	1037	600000001
25436086102	0	303	0
26448903401	1	243	0
20016645517	1	1096	0
20013974462	0	237	600000004
20013974462	0	33	600000004	600000006
20013974462	0	258	600000001	600000004	600000006
20013974462	0	175	600000001	600000004	600000006	600000007
20013974462	1	245	600000001	600000003	600000004	600000006	600000007
20013974462	0	153	600000004	600000006	600000007
20019199067	0	8	600000005
20019199067	0	276	600000005	600000006	600000009
20019199067	1	83	600000006	600000010
20019199067	0	29	600000005	600000009	600000010
20019199067	0	14	600000010
20019199067	0	246	600000005	600000006	600000009	600000010
20019199067	0	15	600000005	600000006
20019199067	1	67	600000005	600000006	600000010
20019462842	1	122	0
20009071848	0	118	600000005
20009071848	0	27	600000008
20009071848	1	953	600000005	600000008
26501426202	2	330	600000003
26501426202	0	67	0
299963302	1	1095	600000005
26554467401	0	33	600000005
26554467401	1	479	0
20019617108	1	432	600000005
20019617108	0	168	0
20019617108	0	498	600000008
25060723702	1	1036	0
26354196501	2	576	0
20002491358	0	122	600000003
20002491358	1	611	0
20015185974	1	1096	0
20000611376	1	44	600000001	600000010
20000611376	0	293	600000001
20000611376	1	761	600000001	600000003
20008232393	0	134	600000005
20008232393	0	59	600000003	600000005	600000006
20008232393	0	10	600000003	600000005
20008232393	1	56	600000006
20008232393	0	219	600000005	600000006
20008232393	0	31	600000003
20008232393	0	82	600000008
20008232393	0	26	600000003	600000008
26402281502	3	730	0
25019945502	0	24	600000005
25019945502	0	88	600000003	600000010
25019945502	1	115	0
25019945502	0	668	600000009
25019945502	0	145	600000010
25440871801	1	896	600000005
25440871801	0	444	0
20007093152	0	223	600000005
20007093152	1	874	0
25431753601	0	321	0
25431753601	1	166	600000006
26436707401	1	729	0
25444775802	3	1339	0
25440505601	3	637	0
26497013101	1	486	0
26390704701	1	730	0
20013834316	1	1096	0
3196702	0	8	0
3196702	1	542	600000006
26366347101	2	730	0
643153501	0	573	600000005
643153501	0	11	600000003
643153501	0	11	600000009
643153501	1	171	0
643153501	0	90	600000010
643153501	0	63	600000005	600000009
20004799560	1	485	0
20002513043	1	236	600000003
20002513043	0	38	0
20011605009	1	270	0
20011605009	0	249	600000008
172477801	1	1095	0
25437866402	0	229	600000005
25437866402	0	676	600000003
25437866402	1	401	0
25437866402	0	36	600000009
26522428901	0	24	0
26522428901	4	707	600000006
25438134004	2	1339	0
25440769801	1	455	0
743250204	0	107	0
743250204	4	878	600000006
743250204	0	112	600000005	600000006
244316301	1	92	0
26366393001	1	730	0
20000045607	0	2	600000007
20000045607	0	99	600000001	600000006	600000007	600000008
20000045607	1	325	600000001	600000006	600000008	600000010
20000045607	0	15	600000001	600000006	600000007
20000045607	0	84	600000006	600000008	600000010
20000045607	0	27	600000001	600000006	600000010
20000045607	0	51	600000001	600000006	600000008
20000045607	0	13	600000008	600000010
20014976171	0	2	600000005
20014976171	1	1095	600000005	600000007
20003140916	0	14	600000005
20003140916	1	437	0
20003140916	2	609	600000008
20003140916	0	39	600000005	600000008
68285004	2	549	600000007
25433296901	0	869	600000005
25433296901	0	45	0
25433296901	1	54	600000010
25433296901	0	39	600000005	600000010
20018636363	0	585	600000005
20018636363	0	43	600000003	600000005	600000008
20018636363	0	194	600000008
20018636363	1	277	600000005	600000008
26231921201	2	243	0
26366644702	1	730	0
26373949102	2	730	0
26487616203	1	730	0
244082501	1	299	600000005
244082501	0	237	600000007
244082501	0	15	0
20008926867	1	747	600000004
20008926867	0	350	600000004	600000008
26446568401	1	207	600000005
26446568401	0	39	600000005	600000010
20016459031	1	707	600000007
20016459031	0	117	600000006	600000007
25037674003	1	1036	0
20014180834	1	1034	0
20019023851	1	823	600000005
20019023851	0	114	600000003
20019023851	0	129	600000003	600000005
25436210002	1	365	0
26387774201	2	730	0
26229995401	1	606	0
25023318001	0	16	0
25023318001	3	824	600000006
25023318001	0	98	600000005	600000006
25023318001	0	101	600000003	600000006
20002831995	0	30	600000001	600000003	600000005
20002831995	0	97	600000005
20002831995	0	15	600000001
20002831995	0	197	600000001	600000003
20002831995	0	651	600000001	600000005
20002831995	0	32	600000001	600000008
20002831995	1	80	600000001	600000005	600000006
25431211401	1	790	600000007
244671601	0	15	600000006	600000009
244671601	0	24	600000009
244671601	0	59	600000006	600000007
244671601	1	430	600000006
244671601	0	25	600000003	600000006
25447690301	3	1339	0
26438165501	0	228	600000005
26438165501	1	352	0
20015096261	1	759	0
26555897101	1	487	0
25045463301	1	1036	0
25437343901	1	1339	0
246349601	1	165	600000006	600000010
246349601	0	385	600000006
20011822485	0	92	600000007
20011822485	0	201	600000003
20011822485	1	72	600000010
20011822485	0	63	600000008
25434003501	1	1339	0
25033632502	5	718	600000005
25033632502	0	319	600000005	600000008	600000009
25052388302	2	1036	0
25053107801	5	1036	0
262310202	1	293	600000001	600000003
262310202	0	775	600000001
20019628494	0	89	600000001	600000010
20019628494	0	87	0
20019628494	1	922	600000010
25260321102	2	640	600000005
20003888955	2	715	600000005
20003888955	0	227	0
26392421802	2	671	0
26366305902	1	730	0
584884701	1	162	600000005	600000006	600000007
584884701	1	661	600000006	600000007
584884701	0	16	600000006
584884701	0	78	600000003	600000006	600000007
20010045701	1	1096	0
1022474301	1	320	0
20005159954	0	36	600000001
20005159954	1	73	600000004	600000009
20005159954	0	74	0
26452121002	2	273	0
26598314002	1	271	600000005
26598314002	0	6	0
26598314002	1	90	600000005	600000006
26397204601	1	730	0
20010167107	2	823	0
25447977201	0	53	600000005
25447977201	0	23	600000006	600000009
25447977201	0	26	600000009
25447977201	0	232	0
25447977201	0	107	600000006
25447977201	0	67	600000005	600000009
25447977201	1	328	600000005	600000006
25447977201	0	174	600000005	600000008
20009752962	1	14	600000001
20009752962	0	23	600000001	600000006
20009752962	0	17	0
20009752962	1	952	600000001	600000005	600000006
112990601	1	761	0
20019516641	1	991	600000001	600000007
20019516641	0	106	600000001
25431043301	1	795	600000003
25431043301	0	180	0
26383658501	1	569	600000003
26383658501	0	162	0
26596049601	0	102	600000005
26596049601	1	60	0
26596049601	0	79	600000006
26596049601	0	7	600000005	600000006
25432108301	0	245	600000005	600000007	600000008
25432108301	1	259	600000005
25432108301	0	2	0
25432108301	0	18	600000003	600000005	600000008
25432108301	0	4	600000008
25432108301	0	816	600000005	600000008
20004816113	0	28	600000004
20004816113	0	348	600000003
20004816113	0	45	600000009
20004816113	2	678	600000008
744714901	1	1095	0
20014212649	0	11	600000007
20014212649	1	958	600000005
20014212649	0	50	600000005	600000006	600000007
20014212649	0	80	600000005	600000007
26358834401	1	729	0
20001552686	3	304	0
26524919101	1	729	0
20009647955	0	15	600000005
20009647955	0	238	600000006
20009647955	1	845	600000005	600000006
20002095750	0	78	600000005
20002095750	0	148	600000004	600000005	600000007	600000010
20002095750	0	16	600000004	600000005	600000010
20002095750	0	3	600000004	600000005	600000007
20002095750	0	15	600000004
20002095750	3	554	600000007
20002095750	0	13	600000004	600000007
20002095750	0	122	600000005	600000007
20002095750	0	155	600000005	600000010
245611401	1	377	600000007
245611401	0	173	0
33633801	0	43	600000003
33633801	3	1023	0
25060678801	1	1036	0
28117701	0	68	600000001
28117701	1	1004	600000001	600000003
245705101	2	549	0
26416331501	1	729	0
20001798461	2	807	0
20001798461	0	290	600000008
632603	0	184	600000006	600000010
632603	3	257	0
632603	0	110	600000010
26458109602	2	730	0
20013236865	1	122	0
20008664049	1	1096	0
246518902	0	190	600000003	600000010
246518902	0	63	0
246518902	1	145	600000010
26505491802	0	244	600000003
26505491802	1	456	0
20011351838	1	883	0
574252801	1	144	0
574252801	1	952	600000010
20009242611	0	700	600000005
20009242611	1	397	0
20013636196	0	208	600000005
20013636196	1	369	600000003	600000005
20013636196	0	521	600000005	600000009
26365213301	1	730	0
26382546401	1	729	0
1044801	1	549	600000006
26350810401	4	669	600000007
20015097658	1	486	0
25429538602	1	637	0
26554595001	0	425	0
26554595001	1	306	600000005	600000006
20008251686	0	50	600000007	600000008
20008251686	0	258	600000005
20008251686	0	268	600000003
20008251686	1	462	600000008
26483393201	1	730	0
172208501	0	409	600000003
172208501	0	246	0
172208501	0	6	600000010
172208501	1	428	600000005	600000010
247064701	0	47	0
247064701	0	21	600000009
247064701	1	483	600000010
20012403485	1	790	600000006
26590027902	1	289	600000003
26590027902	0	77	0
25451021701	4	366	0
26595986401	1	334	0
26525112704	1	730	0
25444163501	1	1339	0
26485249501	2	729	0
20013998123	0	53	600000006	600000009
20013998123	1	526	600000009
26507724302	1	699	600000006
172346801	0	167	0
172346801	1	929	600000008
20000556434	2	1096	0
25095923401	1	852	0
26402353401	1	630	600000003
26402353401	0	101	0
25447634001	1	727	0
26379661801	1	549	0
20002154093	0	236	600000005
20002154093	1	322	600000003
20002154093	0	42	0
20002154093	0	499	600000009
26531937402	0	74	600000005
26531937402	0	40	0
26531937402	0	93	600000010
26531937402	1	70	600000006
26531937402	0	457	600000005	600000006
26591402001	2	232	600000003
26591402001	0	75	0
291459301	0	12	600000007
291459301	1	243	0
291459301	1	43	600000010
291459301	0	254	600000007	600000010
25443259402	1	1339	0
246474101	0	210	600000001
246474101	1	340	0
25072112902	1	1004	0
26488679902	1	729	0
25441444105	1	172	600000005
25441444105	1	246	600000003
25441444105	0	315	600000006
25067949801	1	761	600000005	600000006
26370192804	1	730	0
29125402	0	14	600000001	600000003
29125402	0	35	600000003
29125402	3	1048	600000001
26460047201	1	730	600000001
245281001	2	218	600000005
245281001	1	697	600000005	600000006
246178701	1	549	0
20017740531	0	51	600000005
20017740531	0	146	600000009
20017740531	0	83	600000003	600000005
20017740531	0	110	600000004	600000005	600000008
20017740531	1	53	600000003
20017740531	1	109	0
20017740531	0	51	600000003	600000005	600000008
20017740531	0	9	600000008
20017740531	3	461	600000005	600000008
20006261781	1	671	0
26231648901	0	330	0
26231648901	1	127	600000006
20017605292	1	426	0
20016847448	0	210	0
20016847448	2	70	600000008
20016847448	1	300	600000006
20001471994	0	24	600000001
20001471994	0	305	600000001	600000005
20001471994	1	769	600000001	600000008
25430971801	3	456	600000001	600000007
368267201	0	57	600000006	600000009
368267201	1	493	600000006
1565701	2	184	0
25026929701	1	1036	0
27388101	0	368	600000001
27388101	1	235	600000001	600000003
27388101	0	494	600000001	600000005
26406094001	2	334	0
26386361901	2	598	600000005
26386361901	0	133	0
26521798401	0	322	600000001
26521798401	0	31	600000006	600000010
26521798401	0	221	600000001	600000006
26521798401	1	37	600000010
26521798401	0	123	600000006
26527194001	0	151	600000005
26527194001	1	335	0
1398924302	0	14	600000003
1398924302	1	1002	600000006
1398924302	0	81	600000005	600000006
20001811350	1	1096	600000004
25433697101	1	1339	0
26381311901	1	730	0
26421320903	1	729	0
20010136316	1	104	600000005
20010136316	0	17	0
20010136316	0	10	600000010
20010136316	1	115	600000007	600000010
132401	0	267	600000001	600000007
132401	5	648	600000001
20014955617	1	201	600000001
20014955617	0	378	600000001	600000006
20005525587	2	217	600000005
20005525587	0	16	0
20005525587	0	63	600000005	600000010
20005525587	0	41	600000005	600000006
26465053501	0	180	600000005
26465053501	0	27	600000006	600000009
26465053501	0	38	600000001
26465053501	0	195	600000003	600000005	600000006
26465053501	0	111	600000001	600000005
26465053501	1	24	600000006
26465053501	0	161	600000005	600000006
25445825301	1	1339	0
26372160004	2	730	0
245953201	2	549	0
20015728775	0	71	600000005
20015728775	0	157	600000001
20015728775	0	480	600000001	600000005
20015728775	0	20	600000005	600000008	600000010
20015728775	0	36	600000001	600000008
20015728775	0	67	600000001	600000005	600000008
20015728775	0	8	600000008
20015728775	0	54	600000006	600000008	600000010
20015728775	1	28	600000005	600000010
20015728775	1	54	600000008	600000010
20015728775	0	41	600000005	600000008
26391824802	1	730	0
20005146856	1	144	600000003
20005146856	0	9	0
25432091702	0	89	600000005
25432091702	0	82	600000008	600000009
25432091702	0	110	600000005	600000009
25432091702	0	57	600000005	600000008	600000009
25432091702	0	93	600000003	600000005	600000008
25432091702	0	59	600000008
25432091702	0	129	600000005	600000006	600000008	600000009
25432091702	1	179	600000005	600000008
26372601001	3	730	0
368384601	1	412	600000007
368384601	0	138	0
20016495312	1	879	600000005
20016495312	0	157	0
746428302	0	136	0
746428302	1	960	600000010
26526509502	1	462	600000005
26526509502	0	26	0
25440187604	1	914	0
26366876902	1	730	0
26413064701	1	304	0
26372889602	1	730	0
53802502	1	883	0
25099093502	1	1036	0
26374240001	3	638	0
26378842701	1	730	0
502790101	1	248	600000001	600000005	600000006	600000010
502790101	0	17	600000006	600000010
502790101	0	794	0
502790101	0	39	600000001	600000006	600000010
299931501	1	797	600000005
299931501	0	87	600000003
299931501	0	130	0
299931501	0	84	600000003	600000005
26477764201	4	730	0
20004670848	1	433	600000005
20004670848	0	12	0
20004670848	0	653	600000008
20013696473	1	1004	600000001
247116701	1	220	600000001
247116701	0	116	0
20006957414	1	412	0
20006957414	0	107	600000009
246859601	1	102	600000001	600000006
246859601	0	151	0
246859601	1	298	600000006
25449429501	1	718	600000004	600000006
25449429501	0	14	600000006
26467881201	1	577	0
968201	1	549	0
20012982072	0	200	600000005
20012982072	1	897	0
25060884401	0	189	600000004
25060884401	1	180	600000006
25060884401	0	669	600000001	600000004
25432300701	1	366	600000005
25436457601	1	762	600000006
26379869201	1	396	0
248449101	1	546	600000001
248449101	0	4	0
26365033102	1	730	0
25438190104	2	1339	0
26409069401	1	728	0
25430693701	1	145	600000005
25430693701	0	891	600000001
502779201	0	28	600000001
502779201	1	1068	600000001	600000005
774867502	0	54	600000007
774867502	1	669	600000001	600000007
774867502	0	53	600000001
774867502	0	141	600000001	600000007	600000008
25050977201	3	1036	0
26594736301	0	152	0
26594736301	1	183	600000010
26386621501	0	237	600000005
26386621501	1	219	0
291571802	1	380	600000001
291571802	0	48	0
745449201	1	1095	0
25040225101	2	385	600000005
25040225101	0	158	600000003	600000005
25040225101	0	129	600000005	600000006
26584464002	1	275	0
26413568402	3	729	0
20009128924	0	83	600000005
20009128924	0	161	0
20009128924	1	64	600000010
52154604	1	566	600000005
52154604	0	85	600000003
52154604	0	234	0
25436587401	4	1260	600000003
25436587401	0	80	0
26432300702	3	517	0
20011497064	1	547	0
26447533701	1	450	0
199994702	1	1095	0
20018906856	1	128	600000006	600000010
20018906856	0	15	0
20018906856	0	955	600000006
25435050701	1	1339	0
261845601	0	62	600000005
261845601	1	866	600000001
261845601	0	169	600000001	600000005
20011604028	0	407	600000004
20011604028	0	25	600000008
20011604028	0	58	600000004	600000008
20011604028	1	609	600000004	600000005
25448729401	1	606	0
25034493201	1	1036	0
26423895501	1	729	0
20013220126	2	1096	600000007
20019163898	1	625	600000005
20019163898	1	472	0
243429201	0	174	600000001
243429201	0	49	0
243429201	0	264	600000001	600000006
243429201	1	65	600000006
25430555501	1	1304	600000001
25430555501	0	5	0
25430958902	1	1339	0
26542380701	1	730	600000008
20016883972	1	821	0
25432371801	0	226	0
25432371801	1	1114	600000010
25445385201	2	973	0
25445929801	1	1339	0
25431842501	1	1339	0
26423735401	1	729	0
26538014601	1	730	0
54980802	0	40	600000007
54980802	0	139	600000005
54980802	0	452	600000005	600000006	600000007
54980802	1	100	600000005	600000007
54980802	0	34	600000005	600000010
26371866701	1	730	0
26419829501	1	729	0
26415309402	1	729	0
1401114301	1	1095	0
32024202	1	1095	0
26454065301	1	729	0
20018961548	1	1096	0
26535932501	1	729	0
20018646737	0	983	600000003
20018646737	1	114	600000003	600000006
26388243701	0	152	600000003
26388243701	2	579	0
20004771712	1	1004	0
26365684203	1	730	0
20004571788	1	396	0
26470305801	0	339	600000006	600000010
26470305801	1	45	600000010
26470305801	0	42	600000006
26374411804	1	730	0
20001425069	2	1096	0
25447328002	1	1339	0
26373714101	2	730	0
20004497287	0	58	600000005
20004497287	0	70	600000003
20004497287	0	695	0
20004497287	1	220	600000008
20004497287	0	57	600000005	600000008
25046923001	2	1036	0
20008603104	0	15	600000001
20008603104	1	1082	600000001	600000006
980140601	1	218	600000006	600000007
980140601	0	156	600000006
980140601	0	177	600000005	600000006
20004132618	1	20	600000003	600000004	600000005	600000006
20004132618	0	16	600000006
20004132618	0	67	600000001	600000003	600000004	600000005	600000006
20004132618	0	5	600000003	600000004	600000006
20004132618	0	24	600000001	600000003	600000004	600000006
20004132618	0	75	600000003	600000004	600000005	600000006	600000010
20004132618	0	31	600000003	600000004	600000006	600000010
20004132618	0	376	600000004	600000005	600000006	600000010
25441479901	2	1339	0
20014231048	0	7	600000006	600000010
20014231048	0	78	600000001	600000003	600000005	600000006	600000007	600000010
20014231048	1	253	600000001	600000005	600000006	600000007	600000010
20014231048	0	23	600000001	600000006	600000010
20014231048	0	3	600000005	600000006	600000010
20014231048	0	6	600000005	600000006	600000007	600000010
26524314401	1	730	0
20007358512	0	13	600000007
20007358512	0	4	600000001	600000007
20007358512	0	94	600000001	600000005	600000006	600000007
20007358512	0	3	600000001	600000010
20007358512	1	9	600000001	600000006
20007358512	0	2	600000001	600000005	600000007
20007358512	0	3	600000001	600000005	600000006
68064502	1	549	0
20016196432	1	1096	0
25038523701	1	1036	0
20018243223	0	132	600000005
20018243223	0	777	0
20018243223	1	189	600000009
26427040402	1	729	0
573347401	1	549	600000001
20012120853	0	874	600000004
20012120853	1	223	600000003	600000004
757099001	1	510	600000006
757099001	0	221	600000005	600000006
20017008062	0	92	600000005
20017008062	1	371	600000003
20017008062	0	226	0
20017008062	0	14	600000006
20019295596	1	143	600000004
20019295596	1	10	0
26393179001	1	730	0
20019635727	1	1064	0
908788001	1	701	600000005
908788001	0	183	0
836952101	1	608	600000001	600000006
836952101	0	123	600000006
26527748101	2	730	0
26415504801	2	729	0
26375483402	2	730	0
25048336003	1	1036	0
25433937603	1	1339	0
25434226402	1	1339	0
26371867201	1	730	0
20017330418	1	951	600000003
20017330418	0	146	0
20016517205	1	59	600000001	600000003	600000006	600000007
20016517205	0	24	600000001	600000007
20016517205	0	80	600000001	600000006
20016517205	0	732	600000001	600000006	600000007
20016517205	0	27	600000006
20016517205	0	31	600000001	600000006	600000007	600000010
20016517205	0	149	600000001	600000007	600000010
25431099401	0	4	600000005
25431099401	0	187	0
25431099401	0	574	600000006
25431099401	1	547	600000003	600000006
25431099401	0	31	600000005	600000006
26413607002	1	729	0
26459606801	1	537	600000001
26459606801	0	72	0
20003838543	1	424	0
20008487926	1	700	0
835710102	0	20	600000001
835710102	0	22	600000001	600000006
835710102	1	276	600000001	600000006	600000008	600000010
835710102	0	18	600000001	600000006	600000008
835710102	0	398	600000001	600000005	600000006	600000008
26411381101	4	729	0
26421828702	1	729	0
20011508983	1	1096	0
25057039702	2	1036	0
26533256401	1	729	0
20005512961	1	821	0
20019639230	0	26	600000005	600000006	600000007
20019639230	0	226	600000006	600000007
20019639230	0	42	600000006
20019639230	0	13	600000003	600000006	600000007
20019639230	1	793	600000005	600000006
26435646401	0	85	0
26435646401	2	380	600000001	600000006
26435646401	0	267	600000006
25434825203	1	1155	0
26383147401	1	730	0
20016581911	1	388	600000003	600000006	600000010
20016581911	0	660	600000005
20016581911	0	3	600000003	600000005	600000006	600000010
20016581911	0	20	0
20016581911	0	29	600000005	600000006	600000010
1085990001	0	158	600000005
1085990001	1	695	0
248346201	0	813	600000005
248346201	0	11	0
248346201	1	92	600000010
25442145702	1	1339	0
26408621003	1	613	600000001
26408621003	0	118	0
20009714569	0	71	600000001	600000003	600000005	600000010
20009714569	0	37	600000001	600000003	600000005
20009714569	0	35	600000001	600000003	600000010
20009714569	0	20	600000001	600000010
20009714569	0	5	600000001	600000005
20009714569	0	42	600000001	600000003	600000005	600000006
20009714569	0	84	600000001	600000005	600000006
20009714569	0	19	600000003
20009714569	1	118	600000001	600000003	600000006
20009714569	0	10	600000001
20009714569	0	161	600000001	600000006
20009714569	0	147	600000003	600000005
20009714569	0	29	600000001	600000008
20009714569	0	24	600000001	600000003	600000006	600000008
20009714569	0	4	600000001	600000003	600000008
20009714569	0	93	600000001	600000005	600000010
20009714569	0	201	600000001	600000003
20009714569	0	13	600000003	600000010
20003056500	0	86	600000001
20003056500	2	1011	0
20011196277	1	972	600000008
20011196277	0	125	600000005	600000008
26505020501	1	729	0
