PID	EVT	OFFS	D1	D2	D3
26233666101	1	153	0
25434468701	1	1339	0
1096046602	1	944	0
25440542101	1	337	600000008
25440018701	1	1339	0
25439119001	1	1065	0
25434315202	0	19	600000003	600000006	600000010
25434315202	0	64	600000006	600000010
25434315202	1	261	600000003	600000010
25434315202	0	467	0
25434315202	0	466	600000006
25434315202	0	67	600000003	600000006
20018730124	1	108	600000005
20018730124	0	471	0
1095892101	0	354	600000003
1095892101	0	404	0
1095892101	1	339	600000008
25451198401	1	353	600000005
25451198401	0	14	0
25439620101	1	757	600000005
25439620101	0	44	600000009
25439620101	0	540	0
25434043301	1	1157	0
25452656502	1	366	0
25443468501	1	1339	0
25449101301	1	923	0
25433810501	0	1038	600000005
25433810501	0	81	600000003
25433810501	0	129	0
25433810501	1	94	600000003	600000005
25446519801	0	976	600000005
25446519801	0	66	600000003	600000005
25446519801	0	97	600000005	600000010
25446519801	1	203	600000003	600000005	600000010
26231780702	1	303	0
26230223403	1	111	600000003
26230223403	0	71	0
20017373082	1	477	600000003
20017373082	0	588	0
26231192101	1	288	600000001
26231192101	0	78	0
25438444302	1	731	0
25456294601	1	521	600000006
25442984101	1	1339	0
25441543601	1	233	600000003
25441543601	0	165	0
25438728901	1	1339	0
25436090201	1	1339	0
26232037301	1	408	600000003
26232037301	0	199	0
25444752902	1	641	0
25434272201	1	1339	0
25434252002	1	1339	0
1095984102	0	31	600000004
1095984102	0	57	600000004	600000005	600000006
1095984102	1	417	600000004	600000005
1095984102	0	136	600000005	600000006
25430808001	0	85	600000003
25430808001	1	313	0
1095839301	1	1095	0
25440948702	1	1252	0
25440948702	0	88	600000010
25432342701	0	252	600000005
25432342701	1	174	0
25431166501	1	973	0
20012173647	0	511	600000001
20012173647	0	46	0
20012173647	1	390	600000006
25433984701	1	1339	0
25442587802	0	18	0
25442587802	1	1031	600000009
25442587802	0	292	600000008
1095831302	1	1095	0
26232202801	1	396	0
25446277401	1	594	600000001
25446277401	0	176	0
25446277401	0	174	600000006
25443199801	1	973	0
25435977801	0	29	600000003	600000005	600000006
25435977801	0	740	600000006
25435977801	0	17	600000003	600000006
25435977801	1	524	600000005	600000006
25445551501	0	293	0
25445551501	1	1047	600000009
25443469001	1	1339	0
25433763201	0	104	600000001	600000009
25433763201	0	427	600000001
25433763201	1	140	600000001	600000006
25441442304	1	973	0
25434992401	1	678	600000003
25434992401	0	592	0
25434992401	0	71	600000003	600000006
25449393302	1	912	0
25438227402	0	62	600000004
25438227402	0	36	600000005
25438227402	0	899	0
25438227402	1	345	600000004	600000005
25435948001	0	108	600000007
25435948001	1	498	0
25435948001	0	157	600000003	600000007
25435948001	0	29	600000009
25433572601	1	1339	0
25436800501	0	173	600000005
25436800501	1	587	0
25436800501	0	581	600000006
1095606301	0	75	600000005
1095606301	0	586	600000009
1095606301	1	436	0
25448970801	0	47	600000008
25448970801	1	929	600000006	600000008	600000010
25431234801	1	1339	0
25432230901	1	851	0
25453782603	1	577	0
25443677601	1	1339	0
25437900701	1	700	0
25432472801	1	824	600000001
25432472801	0	5	0
25432472801	0	512	600000001	600000005
25444410801	1	787	0
25438178803	1	1247	0
25439786201	1	1339	0
25448916501	1	1002	0
25428707701	1	181	0
866282701	0	188	600000001
866282701	1	159	600000006
866282701	0	385	600000005	600000009
25427881001	0	11	0
25427881001	0	512	600000006
25427881001	1	261	600000003	600000006
25441907301	1	1339	0
25437848501	1	1339	0
25432509501	1	790	0
25430601001	0	67	600000003	600000006	600000010
25430601001	0	45	600000003
25430601001	0	441	600000006	600000010
25430601001	0	7	600000010
25430601001	1	456	600000006
25430601001	0	85	600000003	600000006
1095358901	0	166	600000005
1095358901	0	3	0
1095358901	0	5	600000008
1095358901	1	257	600000006
1095358901	0	363	600000005	600000006
1095358901	0	31	600000006	600000008
25446452401	1	1339	0
25440167301	1	1339	0
25439550801	1	1178	600000003
25439550801	0	9	0
25433655401	1	1339	0
25433463201	1	1319	600000001
25433463201	0	21	0
25432205802	1	1339	0
25443847201	1	670	0
25441985801	0	5	600000005
25441985801	1	1147	0
25441985801	0	139	600000008
25441985801	0	51	600000005	600000008
25434430301	1	1339	0
25446787302	1	1339	0
25433608901	1	1339	0
26231048101	1	153	0
25446618201	1	1339	0
25427860802	1	762	0
25452198801	0	214	600000005
25452198801	1	61	0
25448079701	0	26	600000007
25448079701	1	225	600000006	600000007
25448079701	0	1057	600000006
25435959501	0	1015	600000007
25435959501	1	102	600000003
25435959501	0	224	0
25440627801	1	422	0
25435736601	1	1218	0
25435736601	0	122	600000006
25434294301	0	73	600000006	600000010
25434294301	0	189	600000001
25434294301	0	226	600000009
25434294301	1	221	600000010
25434294301	0	256	600000006
25434294301	0	136	600000009	600000010
25434123201	1	1339	0
25445962501	1	365	600000007
25445962501	0	207	600000001
25445962501	0	616	600000006
1096292001	0	291	600000001
1096292001	1	536	0
1096292001	0	150	600000001	600000005
25436443001	1	759	600000005
25436443001	0	215	0
25819670601	1	243	0
25439255301	1	1339	0
25445883001	1	1339	0
25440854202	1	1339	0
25450897501	1	244	0
25445316602	0	134	600000005
25445316602	0	261	600000004
25445316602	0	363	600000001	600000007
25445316602	1	400	600000001
25441391103	1	1339	0
1095429401	1	678	600000006
1095429401	0	418	600000003	600000006
25437464401	1	943	0
884207402	0	58	600000001
884207402	1	307	600000001	600000010
884207402	0	2	600000010
26232165704	1	506	600000003
26232165704	0	103	0
26233432202	1	454	0
25433575601	1	1339	0
25450265701	1	1001	0
25433942802	1	1339	0
25441294301	1	119	0
25441294301	0	855	600000006
25433532601	1	821	0
25439707601	1	69	600000003
25439707601	0	804	0
25439707601	0	72	600000009
25442997301	1	1339	0
25436434201	1	1157	0
25432664001	1	1265	600000005
25432664001	0	75	0
25432142801	1	1286	600000005
25432142801	0	54	0
26229988501	1	363	0
25434725101	1	1065	0
26234285502	1	548	0
25435043302	1	1339	600000001
25431213303	1	1334	600000005
25431213303	0	6	0
25431245701	1	425	0
25452356401	1	148	600000006	600000009
25452356401	0	130	0
25452356401	0	90	600000006
25441388101	1	1339	0
25432793301	0	611	600000006
25432793301	1	554	600000003	600000006
25432793301	0	176	600000005	600000006
25433306001	1	1339	600000001
25431448101	1	1339	0
25432135001	1	206	600000006	600000010
25432135001	0	116	0
25432135001	0	166	600000006
25435043501	1	1339	0
25434726602	1	866	600000005
25434726602	0	111	600000003
25434726602	0	364	0
25447041801	1	1307	0
25440885201	1	1339	0
25435176101	1	1339	0
25438638803	1	1096	0
25436605601	1	1339	0
25443572101	1	365	0
25435130901	1	1339	0
25428416203	1	943	0
25439883801	1	1339	0
25437977001	1	1097	0
25437660702	1	1247	0
25438520601	1	1339	0
25438197302	1	1339	0
25435366701	1	821	0
25435097201	1	1339	0
1096298501	1	1095	0
25444077001	1	365	0
25432990301	1	213	600000001
25446837001	1	790	0
20009774517	1	944	600000004
26234141801	1	212	0
25428493601	1	1339	0
26235669501	1	151	0
25435081701	1	1339	0
25449518201	1	890	0
25437873501	1	1339	600000006
25452872801	1	304	0
1095537305	1	850	0
25428225001	0	51	600000006	600000009
25428225001	1	587	600000006
25431364601	0	17	600000005
25431364601	1	495	600000001	600000005	600000008
25431364601	0	37	0
25431364601	0	91	600000001	600000008
25431364601	0	33	600000005	600000008
1096328701	0	414	600000003
1096328701	0	221	0
1096328701	1	462	600000010
25434377201	0	118	600000004
25434377201	0	7	600000005
25434377201	1	456	600000004	600000006
25434377201	0	761	600000006
25438615702	1	1339	0
25431434901	1	1338	0
25446462602	1	700	0
25439421801	1	1339	0
25439993301	1	1338	0
25435591102	1	1339	0
25435474301	1	1155	600000003
25435474301	0	3	0
25434252601	1	1339	0
25432133801	0	352	0
25432133801	1	988	600000006
25451160102	1	183	0
838164201	1	730	0
1120624602	0	397	600000001
1120624602	1	334	600000006
25431796001	0	34	600000006	600000009
25431796001	0	164	600000004
25431796001	0	766	600000003
25431796001	0	2	0
25431796001	1	187	600000006
25431796001	0	191	600000001	600000004
25433596401	1	1339	600000007
25442416702	1	1339	0
25435120001	1	1339	0
1096200201	0	97	600000003
1096200201	1	996	600000001
1096200201	0	4	0
25441958601	1	1096	0
25436885501	1	568	0
25436885501	0	164	600000006
25436785001	1	1339	0
25433536502	1	1307	0
25447362301	1	1247	0
25446296501	1	1322	600000001
25446296501	0	16	0
25435057001	1	757	600000005
25435057001	0	241	600000003
25435057001	0	343	0
25433749202	1	1339	0
25446618202	0	128	600000003
25446618202	0	373	0
25446618202	0	320	600000009
25446618202	1	155	600000005	600000009
25443483002	1	266	0
25443483002	0	1043	600000006
25454778802	1	244	0
25443544301	1	579	0
26233958001	1	56	600000005
26233958001	0	97	0
26233958001	0	306	600000009
25442930702	1	984	600000005
25442930702	0	356	0
25436463401	1	1339	600000006
25434025201	1	1339	0
25438677101	1	1096	0
25433961003	1	426	0
25436389001	1	1036	0
25440706201	1	974	0
25434198501	1	1339	0
25431143601	1	1339	600000001
25431012801	0	155	600000001
25431012801	0	788	600000001	600000003
25431012801	1	77	600000001	600000005
25431012801	0	110	0
25436161402	0	389	600000005
25436161402	1	312	0
25435055402	1	1339	0
25437142902	1	1186	0
25434013402	1	1339	0
25436280102	1	1339	0
25442780801	1	456	0
25440479801	1	975	600000006
25440479801	0	365	600000003	600000006
25439373102	1	457	0
25427402501	1	637	0
25432479101	1	1308	0
25436477901	1	546	0
25439777302	1	1307	0
25450089701	1	275	600000001
25433944901	0	189	600000005
25433944901	1	918	600000001
25433944901	0	58	0
25433944901	0	177	600000006
25447240401	1	1339	0
25438449302	1	985	0
25438449302	0	81	600000006
25435967101	1	1339	0
835670402	1	655	600000001
835670402	0	3	600000001	600000005
835670402	0	74	600000001	600000005	600000009
25430685301	0	164	600000007
25430685301	0	185	600000005
25430685301	1	841	600000005	600000007
25430685301	0	85	600000009
25430685301	0	68	600000001	600000005	600000007
25438954004	1	850	0
25433687401	1	1009	600000003
25433687401	0	331	0
25431476601	0	441	600000005
25431476601	1	868	0
25434129902	1	465	0
25434129902	0	875	600000006
25454381501	1	213	0
837370701	1	415	600000005
837370701	0	60	600000009
837370701	0	43	0
25441777604	1	241	0
25438959301	1	1339	0
26235436101	1	549	0
837991101	1	730	0
26231624401	0	113	0
26231624401	1	406	600000006
25441197603	1	793	0
25452092501	1	244	0
25447948301	1	431	600000005
25447948301	0	90	0
20011337734	1	1096	600000001
25439182801	1	730	0
25434736403	1	456	0
20005937951	0	512	600000001	600000007
20005937951	0	37	600000001
20005937951	0	41	0
20005937951	1	328	600000001	600000007	600000010
25440824301	1	1339	0
20011895730	1	396	0
838171501	1	186	600000005
838171501	0	185	0
838171501	0	5	600000009
838171501	0	258	600000008
838171501	0	100	600000005	600000009
25452744301	1	182	0
1095421201	0	13	600000005
1095421201	0	146	600000008
1095421201	0	433	600000006	600000008
1095421201	1	115	600000005	600000008	600000009
1095421201	0	180	600000005	600000008
25439758101	0	56	600000005
25439758101	1	855	0
835447903	1	713	600000001	600000010
835447903	0	18	600000010
25436408801	0	79	600000006	600000009
25436408801	0	24	0
25436408801	1	1238	600000006
25436825101	1	1339	0
25433947101	1	1339	0
25448635804	1	1196	0
25444826801	1	1339	0
25453072502	1	184	0
25447362602	1	1339	0
25430076101	1	1281	600000001
25430076101	0	59	0
1096084503	0	402	600000003
1096084503	1	694	0
25435889401	1	1338	0
25450710201	1	1337	0
25431672801	1	1075	600000003
25431672801	0	265	0
25437621101	1	699	0
25431078902	1	1339	0
25434917501	1	1339	0
26234788701	1	335	600000006
26233051402	1	549	0
25439603201	1	1339	0
25436989902	1	1339	0
25442448103	1	400	600000003
25442448103	0	725	0
25443577301	1	1247	0
25442268602	1	1339	0
25428616901	0	51	600000006	600000007	600000009
25428616901	0	804	600000006	600000007
25428616901	1	486	600000006
25435950401	1	1339	0
25437617002	0	48	0
25437617002	1	380	600000006
25443397701	1	1339	0
25436371901	0	856	0
25436371901	1	484	600000006
25445550601	1	1339	0
25439651501	1	1338	0
25435425002	1	1339	0
25453007701	1	122	600000010
25435971901	1	1307	0
25445868001	1	1339	600000001
20013865231	1	486	0
25441331601	0	177	600000003
25441331601	1	1163	0
25435284601	1	1186	0
25442092101	1	850	0
25450560701	1	517	600000001	600000006
25439226601	1	638	0
25438332201	1	1339	0
25436947801	1	1232	600000005
25436947801	0	108	0
26234582301	1	365	0
25436719201	1	303	0
25439861901	1	1206	600000003
25439861901	0	103	600000003	600000009
25437471601	1	943	0
25434306702	1	670	0
25443300001	1	1248	0
25446946901	0	54	600000005
25446946901	0	182	0
25446946901	1	373	600000006
25448650901	1	774	0
25448650901	0	381	600000009
25436247102	1	973	0
25441275801	0	9	600000007
25441275801	0	405	600000006	600000007
25441275801	0	120	600000003	600000007
25441275801	0	302	600000006
25441275801	1	415	600000003	600000006
25454437801	1	60	600000006
25451187501	0	22	600000005
25451187501	1	338	600000001	600000005	600000008
25451187501	0	8	600000001	600000005
25439527402	1	1063	0
25435928602	1	643	600000008
25435928602	0	164	600000006
25435928602	0	534	600000006	600000008
25453519901	0	599	600000001
25453519901	1	375	0
25440043601	1	1339	0
25445060101	1	1339	0
25440346601	1	1065	0
25436883801	1	426	0
25432612001	1	1127	0
25436592001	1	1338	0
25433000002	1	1338	0
25446925402	1	1339	0
25438364601	1	973	0
25449769701	1	378	0
25441699001	1	1127	0
25436295601	1	1339	0
26235859802	1	243	0
26231634702	1	184	0
25431204801	1	1287	600000003
25431204801	0	53	0
25452606901	1	274	0
25433603202	1	1339	0
25439778202	1	970	0
25433843801	1	1339	0
25435440301	1	1035	0
25444256201	0	147	600000005
25444256201	0	41	0
25444256201	1	1153	600000006
25433828801	1	1339	0
25439973301	1	517	0
25437405101	1	1339	0
25439894301	1	1065	0
836253002	1	431	600000005
836253002	0	27	0
836253002	0	4	600000008
836253002	0	184	600000005	600000009
836253002	0	88	600000005	600000008
25436283301	1	762	0
25441383801	1	1339	0
25448693901	1	366	0
1245891702	1	426	0
941685301	0	33	600000003
941685301	1	517	0
25453529902	0	44	600000003
25453529902	0	3	0
25453529902	1	46	600000006
25439577601	1	1339	0
25439901001	0	718	600000006	600000010
25439901001	1	207	600000003
25439901001	0	416	600000006
25434194901	1	1339	0
25432015901	1	1339	0
25448968602	0	500	600000001
25448968602	1	819	600000001	600000006
25442520101	1	1123	0
837488202	0	23	600000003
837488202	0	20	0
837488202	1	393	600000009
837488202	0	83	600000010
1095394802	1	911	0
25435911601	1	1339	0
26233717001	1	212	0
25448567701	1	1321	0
1245823701	1	426	0
25435855701	1	1339	0
20016881788	1	547	0
25432183701	0	837	600000005
25432183701	0	105	600000003
25432183701	0	138	0
25432183701	1	262	600000003	600000005
25449864704	0	194	600000003
25449864704	1	415	0
25449407802	0	38	0
25449407802	1	920	600000001	600000006
25439581601	1	1339	0
25455899201	1	335	600000005
1156223701	1	365	0
25433549101	1	337	0
25431290202	1	1338	0
25435302501	1	1339	0
25432739202	0	731	600000003
25432739202	1	609	0
25433941801	0	37	0
25433941801	1	846	600000009
25442246806	0	9	600000005
25442246806	0	31	600000003	600000005	600000009
25442246806	0	700	600000003
25442246806	0	171	0
25442246806	1	403	600000003	600000005
25442246806	0	30	600000005	600000009
1095254002	0	198	600000001
1095254002	0	90	0
1095254002	0	210	600000001	600000006
1095254002	0	56	600000008
1095254002	1	545	600000006
25437283602	1	972	0
25447068801	1	247	600000001
25447068801	0	32	0
25447068801	0	148	600000006
25433527301	1	1339	600000006
25452090701	0	88	600000005
25452090701	1	248	0
25437895202	0	144	600000003
25437895202	1	1196	0
25435604202	1	1339	0
25439037201	1	730	0
25436908901	1	1339	0
25444478905	1	427	0
25443300002	1	383	600000003
25443300002	0	16	600000009
25443300002	0	637	0
25443300002	0	31	600000003	600000009
25432514602	1	790	0
1206963601	1	205	600000007
1206963601	0	283	600000007	600000009
25433830101	1	1296	600000003
25433830101	0	44	0
25442625201	1	1339	0
1095711201	0	590	600000005
1095711201	0	214	0
1095711201	0	25	600000003	600000005
1095711201	1	269	600000006
25428483702	1	1337	0
25436835608	1	1035	0
25447798801	1	1339	0
25430899802	1	1338	0
20018650251	1	329	600000003
20018650251	0	38	0
25440371303	1	1096	0
25431644903	1	395	0
25444631601	1	456	600000007
25440388801	1	1338	0
25431880102	1	855	600000001
25431880102	0	58	0
25441579401	1	869	600000003
25441579401	0	8	0
25441579401	0	377	600000006
25441579401	0	88	600000003	600000006
20013141068	0	8	600000006
20013141068	1	967	600000005	600000006
20005041191	1	92	0
25438498301	1	973	0
25432360401	0	16	600000001
25432360401	0	645	600000001	600000006	600000009
25432360401	1	680	600000001	600000006
25436492402	0	61	600000005
25436492402	1	1279	0
25437726701	1	469	600000003
25437726701	0	110	0
25436012401	1	1338	0
25432646501	1	700	600000001
25436934001	1	1339	0
25435907401	1	1339	0
25431163401	1	1307	600000001
25431469901	1	1338	0
25438246001	1	1339	0
25434624104	1	576	0
25433313001	1	1339	0
25443361101	1	1308	0
25435777501	1	1339	0
25442085303	1	1339	0
25439698501	1	1338	0
25435090602	1	1339	0
25438253204	1	1339	0
25435897202	1	1339	0
25439610902	1	395	0
25434288401	1	668	0
25436548701	1	1339	0
25454127602	1	31	0
25435386101	1	1339	600000001
25436516501	1	971	600000005
25436516501	0	95	0
25453372602	1	181	0
25448604701	0	239	600000009
25448604701	1	732	0
25432497001	0	6	600000005
25432497001	0	67	600000001	600000009
25432497001	1	547	600000006	600000009
25432497001	0	18	600000001
25432497001	0	11	0
25432497001	0	278	600000001	600000005
25432497001	0	327	600000009
25432497001	0	8	600000001	600000005	600000009
25432497001	0	85	600000006
25430282402	0	189	600000005
25430282402	1	151	600000001
25430282402	0	637	0
25430282402	0	61	600000006
20018240196	1	68	600000004
25440464202	1	1339	0
25437907401	1	1339	0
25437639101	1	731	0
25441261402	0	92	600000001
25441261402	1	985	600000001	600000006
25441261402	0	23	600000001	600000003	600000006
25441261402	0	35	600000006
25441261402	0	208	600000003	600000006
25446130002	0	30	0
25446130002	1	688	600000001	600000006
25446130002	0	623	600000006
25431725001	1	1095	0
839648201	0	55	600000005
839648201	1	378	600000001	600000005	600000008
839648201	0	14	600000001	600000005
839648201	0	263	600000001	600000008
839648201	0	24	600000005	600000008
26232220501	1	487	0
1095421901	1	1095	0
25434075501	1	1339	0
25436973901	1	1339	0
25440854201	1	1339	0
25431989402	1	1096	0
25432169102	0	91	600000001	600000003
25432169102	1	684	600000001
25432169102	0	78	600000003
25444637001	1	910	600000006
25451160101	1	273	0
25440370801	1	91	0
25438639401	1	638	0
25448748501	1	1122	0
25453704001	1	122	0
25432692001	1	942	600000006
25443954401	1	822	0
25440550102	1	1339	0
25431219101	1	425	0
26232266701	1	454	0
25441903102	1	1004	0
837218101	0	25	600000003
837218101	1	706	600000003	600000007
25442634401	1	1339	0
25445135701	1	1339	0
25452613501	1	366	0
25449321501	0	997	0
25449321501	0	117	600000009
25449321501	1	161	600000006
25435063201	1	1339	0
1096053801	0	139	0
1096053801	1	562	600000006
1096053801	0	184	600000005	600000006
25434669001	1	273	0
25434669001	0	275	600000008
25439027001	1	1218	0
25427820101	1	759	0
25445161901	1	1096	0
25442840103	1	1307	0
25437732201	0	45	600000003
25437732201	1	1233	0
25437591304	1	1339	0
1130999001	1	513	600000003
1130999001	0	96	600000010
25433843501	1	1339	0
25452103301	1	121	0
25433653201	1	947	600000007
25433653201	0	218	600000001	600000007
25433653201	0	2	600000001
25433653201	0	173	0
25435029501	1	760	600000001
25435029501	0	339	600000001	600000006
25435029501	0	32	600000001	600000008
25435029501	0	3	600000006
25435029501	0	17	600000005	600000006
25435029501	0	193	600000001	600000005	600000006
25431086701	1	1339	0
26235439901	1	248	600000003
26235439901	0	88	0
25443703704	1	1339	0
839341202	1	169	600000005
839341202	0	24	600000009
839341202	0	39	0
839341202	0	75	600000005	600000009
25434858301	1	334	0
25439356601	0	1028	0
25439356601	1	312	600000006
25432629201	1	700	0
25435383601	1	1339	0
25437057801	0	96	600000005
25437057801	0	889	0
25437057801	0	41	600000009
25437057801	0	300	600000010
25437057801	1	17	600000005	600000009
25438498601	1	1339	0
25434268201	0	246	600000005
25434268201	0	34	600000001
25434268201	1	1061	600000001	600000005
25435066401	1	1339	0
25435928601	1	1339	0
25437343001	1	730	0
25442922101	1	1339	0
25450876501	1	366	0
25434526801	1	714	600000005
25434526801	0	291	0
